        3600 2017:09:06:13:00:00.190     -0.00000       -1.6085317        9.5643749       10.7017527        9.7620459        1.7731485        9.4083147        8.7505140        9.5750065       10.5236626       10.6302557       10.3786526       10.9032698       10.5288496        9.5170317       10.2988157        9.9765463        9.5345879       -0.9311245    -1514.3061523       10.7017527       14.9183912       14.9149256       -4.0065031
        7200 2017:09:06:14:00:00.045     -0.00000       -2.9637675        6.6176052        7.6499696        6.7736549        2.4736934        6.7705903        5.8946347        5.6879263        8.1172695        8.2284670        8.1303959        8.5626278        8.0420103        5.5690532        6.7324533        6.0723352        5.6567025       -2.0504575    -1688.1596680        7.6499696       13.4572649       13.8151131       -7.1572042
       10800 2017:09:06:15:00:00.025    -11.15593       -4.5705266        3.8176203        4.6881065        4.0353389        3.9308717        3.6254687        3.7899716        1.8663021        5.9887376        6.2397170        5.9943480        6.3083382        5.1914544        1.9385747        3.4529994        2.7500303        2.0634763       -3.3571842       -3.7845349        3.3563793        0.2632146        0.9997235        0.2425848
       14400 2017:09:06:16:00:00.202    -13.59054       -5.8008623        0.8313910        1.4007063        1.0131513        5.6147823       -0.8230798        1.5173973       -1.4924837        4.1237302        3.8813703        3.8613040        3.9630320        1.7580289       -2.2143078       -0.4806441       -1.4910519       -1.1093922       -4.1119862       -5.0094204        3.0870926       -0.8063708        0.2427097        0.2085112
       18000 2017:09:06:17:00:00.197    -13.54865       -6.3742113       -1.4898913       -1.2782693       -1.3429464        7.7464733       -4.9175582       -0.2141689       -3.6567528        2.8289149        1.8280258        2.0703287        2.4668088       -1.5959060       -5.2009730       -3.9255476       -4.7315168       -3.0936785       -4.3203979       -5.4712319        2.9561036       -1.5758642       -0.4171476        0.7200012
       21600 2017:09:06:18:00:00.094    -13.28174       -6.4322100       -3.7850482       -3.9981742       -3.5820463        8.9388027       -8.6904764       -1.5708387       -5.0930367        0.2141588        0.1746294        0.2483261        0.4698725       -4.8935127       -7.6643305       -6.9855671       -7.0307560       -4.6626906       -4.1145062       -5.4898534        2.2178581       -2.6125109       -1.5810410        0.6858491
       25200 2017:09:06:19:00:00.155    -15.80609       -7.8969045       -4.5255156       -4.9393172       -4.3667436       10.3772659      -10.1826286       -1.3046683       -4.8174901       -1.7972751       -0.0360838        0.1946374       -0.8917440       -6.5008521       -8.1413460       -7.9304605       -8.6800404       -4.4304872       -5.3719559       -6.9552159        1.2170776       -4.0439906       -2.8095441        0.2785748
       28800 2017:09:06:20:00:00.156    -15.77697       -8.4338627       -5.7308321       -6.4516435       -5.5151730       11.0240545      -11.1943197       -1.8438307       -5.6166081       -4.2685709       -1.2400132       -0.1702653       -3.0887280       -8.2566633       -8.7891598       -9.1509323      -10.5347357       -5.0793157       -5.3943958       -7.5358582        0.6674054       -5.1485047       -3.9819410       -0.0311098
       32400 2017:09:06:21:00:00.160    -16.36381       -8.8548870       -6.7488952       -8.0103998       -6.6545587       10.1292229      -12.5132160       -2.4214838       -5.6777487       -6.3831310       -3.2494376       -2.3839931       -5.1686263       -9.8261061       -9.1633883       -9.2298937      -10.9212141       -5.3043127       -5.5256009       -7.9406376       -0.2095090       -6.4134579       -5.2549658       -0.5784681
       36000 2017:09:06:22:00:00.098    -16.55230       -8.7226686       -7.7225790      -10.3068495       -7.9895635        9.5796185      -12.9766932       -3.3970742       -5.7432742       -8.7732725       -6.4391885       -5.5833263       -8.1675129      -11.9853745      -11.2000275       -9.5618706      -11.7003212       -5.5066943       -5.0895553       -7.8895788       -1.0248773       -7.6537614       -6.5550852       -0.9191136
       39600 2017:09:06:23:00:00.132    -15.93258       -8.6803646       -7.5844288      -11.2734489       -8.1527081        8.0692368      -11.7294331       -3.6601961       -5.0533962       -9.8946905       -7.9341617       -7.2675872       -8.7302217      -13.2552423      -12.0364809       -9.0966568      -10.8976707       -5.4666719       -5.0572448       -7.8820152       -1.3357984       -7.8699155       -6.7848172       -0.5660515
       43200 2017:09:07:00:00:00.018    -15.32651       -8.6451244       -7.9636068      -12.0498314       -8.5363512        5.3878856      -10.5453968       -5.1575112       -5.8140931      -10.3374262       -8.6786070       -8.0873823       -9.4116964      -14.1226406      -11.1742048       -8.2688046      -10.5208998       -6.5694942       -5.0384769       -7.9028530       -1.6490178       -8.1692419       -7.0815630       -0.1572852
       46800 2017:09:07:01:00:00.049    -15.85238       -9.2967787       -8.1645737      -11.8291197       -8.1854973        5.0231209      -10.3973169       -5.3741961       -6.4929857      -10.3937941       -7.6847334       -6.9550948       -9.2448149      -12.9507294       -9.0539970       -6.8102217       -9.2237186       -6.7688694       -5.7264037       -8.6207571       -2.2293780       -8.4281263       -7.3026109       -0.2193461
       50400 2017:09:07:02:00:00.084    -15.29585       -8.5078163       -8.8467169      -12.0392628       -8.4571295        6.4219322      -10.8685112       -5.4821100       -7.1322055      -11.9040422       -7.6904631       -6.7413921      -10.4332275      -11.7588482       -8.7095795       -5.9799562       -8.3855324       -7.3611889       -4.7157788       -7.9610009       -1.4669749       -7.2592187       -6.2542868        0.7056554
       54000 2017:09:07:03:00:00.022    -17.50699       -9.1072512       -7.8526869      -10.9030933       -7.2993455        8.5604630       -9.2104635       -3.6551292       -6.3295612      -12.2155924       -7.7893581       -6.9384651      -11.5207787       -9.1156044       -7.3684316       -4.9322209       -4.8595743       -6.9168530       -5.0412564       -8.7948818       -1.3436712       -7.1694121       -6.1762319        0.4428189
       57600 2017:09:07:04:00:00.079    -31.05225      -41.7494316       14.1841841       11.5509520       14.3124552       16.5663681       13.9718237       19.0523891       19.3181229        4.3944016        8.4836416        9.2399025        4.9688115       10.9586391       18.3829002       18.3473053       20.9607697       18.2554474      -16.8850498      -24.1723499        4.7947397       -6.3733087       -4.2145929       -1.5582532
       61200 2017:09:07:04:59:59.999    -89.98618      -67.1103821        5.7945194        5.1136441        5.5317612       23.3273792        9.4670496        6.4537830       13.9317331       -6.6744885       -5.2949796       -4.4507504       -6.0931678        3.6057148       15.7015438       12.6915779       16.6528912       11.7420807      -24.7332993      -32.2361984        1.9725431      -14.7352657      -12.4501486       -4.6504574
       64800 2017:09:07:06:00:00.082   -136.05843      -67.1706848      -12.4923058      -11.9920816      -12.6103315       26.1244144       -4.9648943      -17.3133831       -5.1557903      -22.5351524      -24.4387264      -25.0133038      -22.6342659      -10.6519957       -0.3230915       -4.1212888        1.1111109       -6.9463654      -27.0367107      -37.5778008       -3.7919412      -24.7260590      -22.2968922       -7.9830704
       68400 2017:09:07:07:00:00.061   -139.55051      -65.4826660      -22.8204632      -19.6175346      -22.6186905       23.3978310      -11.7564583      -31.8848248      -19.1017818      -28.5387878      -31.4580784      -33.0151176      -29.4753704      -14.8202314       -9.4761887      -13.5085907       -9.6172857      -20.8996601      -28.4793758      -44.0344162       -9.8441696      -29.0646152      -26.7296791      -12.6328440
       72000 2017:09:07:08:00:00.092   -111.65664      -63.9176903      -26.7471848      -21.1568012      -26.0336742       23.1575241      -14.1812830      -37.3388062      -29.1870918      -26.2815533      -31.7429867      -33.4855347      -28.5268345      -13.8853283      -14.0534897      -18.5911751      -15.7071085      -29.2077541      -30.3112774      -47.5413170      -10.9809675      -29.1072006      -26.7142220      -13.3818407
       75600 2017:09:07:09:00:00.086   -122.25144      -57.4951134      -30.7075748      -27.5159340      -29.7311192       16.5867958      -21.2383270      -37.6079979      -38.0944099      -25.8895645      -31.2124252      -32.5240364      -28.7744923      -18.4672260      -22.4238338      -27.3150768      -23.3016758      -37.8251228      -26.6730442      -47.8424225       -9.6992311      -30.4642887      -28.3393822      -11.1508722
       79200 2017:09:07:10:00:00.027   -105.86204      -49.7276192      -33.8146400      -41.8100548      -33.3322563       12.3663387      -28.9100971      -32.8163147      -41.8196716      -31.7124805      -35.4447289      -34.8338890      -35.5682755      -27.0525913      -30.7825909      -37.4428749      -30.4443264      -41.2764359      -22.8342571      -44.3049622      -11.6926651      -42.9072151      -41.1251488      -10.7314024
       82800 2017:09:07:11:00:00.006    -99.70975      -44.5548096      -34.6147766      -54.7111015      -36.5469856       10.2393990      -34.0390434      -37.1538239      -32.5697861      -34.6964569      -43.5881348      -42.0975723      -38.5525284      -35.4960976      -38.3946915      -46.3422165      -39.4368553      -31.8581734      -19.1068134      -40.9242363      -14.9400043      -54.2289238      -52.6061058      -10.5374613
       86400 2017:09:07:12:00:00.030    -99.59852      -44.0009613      -36.0535545      -58.3271332      -38.9156494       15.6807137      -36.6963921      -45.8623581      -27.8564529      -33.7990150      -44.1336670      -45.2873955      -36.0018654      -39.3542175      -41.0283623      -45.5143433      -41.6670952      -30.1816444      -19.3716946      -40.0521927      -18.2375145      -56.9938126      -55.3083382      -10.5529623
       90000 2017:09:07:13:00:00.053   -103.60921      -42.1769829      -41.1378860      -62.2866821      -41.3582802       15.4703903      -40.7190552      -51.4594574      -36.3839760      -35.9890671      -41.6564865      -42.6089745      -36.2720032      -41.9593964      -42.1557121      -40.8099136      -39.1162987      -38.2568283      -18.4462147      -39.7621536      -21.0306587      -59.3976669      -57.6490898      -11.1777191
       93600 2017:09:07:14:00:00.062   -102.95692      -41.2182693      -47.9624519      -68.5134964      -45.6062317       17.5860863      -43.5021400      -55.4706879      -49.5695343      -43.3074493      -42.5015411      -42.7248192      -43.3675308      -46.5647697      -45.4375420      -39.8105888      -37.8846016      -50.7477074      -17.8843517      -38.5659981      -24.2291737      -62.6329651      -61.2427406      -12.4733896
       97200 2017:09:07:15:00:00.101    -99.28433      -40.3742485      -52.0398178      -73.7664337      -49.2908897       18.8409576      -46.1180534      -55.1653824      -60.0222473      -46.8535957      -46.6172485      -44.9947281      -49.2013359      -51.4339905      -47.9362717      -45.5860100      -41.8863029      -60.7272606      -18.1197472      -38.3771515      -27.9531689      -65.8986664      -64.3961563      -15.3709736
      100800 2017:09:07:16:00:00.020    -91.37199      -38.8844643      -51.3360138      -72.6016693      -49.3971748       14.8458786      -46.8181000      -50.1311951      -59.8701286      -48.5246277      -48.1916847      -46.3056145      -49.2716064      -53.1359367      -50.4041443      -51.6560249      -44.8788147      -59.7246933      -18.4093246      -36.3426590      -28.0177765      -63.6361694      -62.2270012      -16.0806885
      104400 2017:09:07:17:00:00.096    -76.59144      -35.0770569      -47.3528137      -66.9207764      -46.4249725       10.1701775      -43.7433929      -44.0247192      -54.3218460      -47.3212967      -45.8604279      -44.9066505      -48.4143105      -49.8067932      -51.7173882      -51.7390938      -44.6402321      -53.9135704      -17.3163567      -32.5455856      -26.6490726      -58.6250229      -57.4777336      -16.6117249
      108000 2017:09:07:18:00:00.052    -63.71882      -31.7690735      -44.5588722      -61.2743645      -44.8713570        7.6116371      -42.0287018      -43.3555984      -48.3951340      -44.4560509      -44.0566483      -43.6031265      -46.6565437      -44.0594254      -50.7944221      -48.3047714      -46.1443253      -49.6403389      -18.3803978      -26.4108829      -25.2616081      -52.8242302      -51.6476898      -17.4337311
      111600 2017:09:07:19:00:00.098    -87.67677      -55.9514999      -49.6582451      -68.4014664      -51.2134552       14.8823509      -48.5348282      -50.4655876      -46.4150696      -53.2174950      -59.7935104      -60.7163467      -57.7350769      -50.2825623      -57.3925667      -43.2461166      -45.8339958      -48.5124779      -32.9683647      -33.9017868      -33.0229034      -67.6837387      -66.9699860      -27.6864548
      115200 2017:09:07:20:00:00.010   -279.63870     -103.3461990     -121.5403290     -134.9365692     -120.5493088       26.0240707     -131.0715637     -123.3216705     -102.1676407     -129.6004333     -125.6380997     -127.0800934     -124.9734879     -128.6878204     -115.0756836      -99.0236969     -107.1746140     -105.0474930      -63.9171066      -63.4978447      -66.7620316     -113.3862076     -111.9471054      -58.2319412
      118800 2017:09:07:21:00:00.056   -226.97850      -81.7846909     -120.5646667     -137.8713837     -117.7077866       45.6009903     -113.8123703     -134.1884460     -100.5771713     -133.6806488     -130.4990387     -131.2989044     -130.0580597     -120.6546249      -97.5754395      -87.3202209      -88.5874557     -104.6788177      -49.1448517      -52.6178627      -64.6327286     -122.2818985     -120.7665710      -46.4417915
      122400 2017:09:07:22:00:00.028   -194.98776      -73.2468872     -103.8173218     -110.0203247     -102.7410660       29.8051910      -93.0834274     -116.1538544      -96.2534409     -109.7785492     -111.6129227     -114.1641159     -108.3919907      -93.1528473      -89.3876495      -85.6415787      -86.3486633      -96.9178772      -42.7937431      -49.4875679      -63.3498764      -95.5534897      -94.1986389      -43.8272934
      126000 2017:09:07:23:00:00.081   -169.84935      -75.0866013      -89.1129303      -93.6365585      -88.1289444       30.0229874      -75.3641739     -100.5933609      -87.1891632      -93.3050079      -98.5106277     -100.2629852      -93.2067871      -80.7577515      -76.3651733      -73.0962830      -70.5703735      -88.6777420      -42.8091736      -47.6298523      -60.0607681      -86.3848877      -86.8829498      -40.1303215
      129600 2017:09:08:00:00:00.030   -175.65649      -79.5419083      -92.3133240      -97.7052307      -90.4650269       24.9188156      -79.8482742      -94.1543808      -95.1082993     -100.1423187      -99.6571426      -99.6988754      -99.9093933      -84.0976028      -84.6670532      -80.3709030      -75.2235031      -93.7228394      -51.5626793      -48.5722961      -61.6584740      -98.6709595      -96.3314743      -44.9328156
      133200 2017:09:08:01:00:00.054   -147.35545      -76.6254425      -86.4125748      -93.3817139      -87.8421326       61.3916779      -50.7211304     -112.1128082      -97.5504227      -85.2659302     -101.3305359     -105.8282318      -90.9030228      -58.4467049      -84.6932144      -90.1351852      -75.4521561      -97.6725388      -41.0953407      -55.6978645      -59.8027954      -97.7817078      -96.3782043      -36.6362114
      136800 2017:09:08:02:00:00.003   -145.57172      -73.5906601     -113.4825439     -137.4399109     -117.5240402       48.9451675      -81.1340561     -130.0792236     -128.4437561     -114.2731247     -128.3335724     -128.4669952     -120.2585297      -84.5811768     -124.7872009     -133.6302948     -123.6911697     -127.4996185      -41.1888237      -49.9839516      -73.8390274     -137.3263245     -134.5897827      -50.0586433
      140400 2017:09:08:02:59:59.997   -134.91171      -73.0936432     -176.7973633     -233.1867523     -183.3921661       59.1536865     -178.4017334     -202.0620117     -177.7270966     -148.9986267     -204.8616638     -208.1523132     -178.1283875     -190.4914856     -180.3851624     -189.2653656     -182.1431580     -180.5952759      -52.0412598      -46.9557953     -133.4804993     -219.3141479     -216.1576843     -126.2998962
      144000 2017:09:08:04:00:00.005   -117.13460      -72.3081665     -162.8791504     -230.7242279     -166.3308258      100.2442169     -190.7180634     -185.6846313     -184.6400909      -90.4738464     -161.9528961     -162.1415253     -129.8619080     -215.8984680     -172.6748505     -184.3636169     -182.3174591     -186.6494141      -36.1115341      -51.8763390     -141.1083832     -220.5354309     -217.8629608     -116.5674896
      147600 2017:09:08:05:00:00.059   -112.84642      -72.8952332     -151.5296631     -208.1098480     -149.1946716       53.1731262     -153.8402557     -169.0841827     -166.7736664     -116.4205017     -138.1235657     -131.9188538     -126.0507965     -175.9381714     -157.4278107     -159.7665253     -154.3106232     -169.5936279      -38.5820389      -54.4678650     -119.0018692     -186.0917511     -182.2051239      -89.7617188
      151200 2017:09:08:05:59:59.993   -109.75254      -65.2578278     -172.2519836     -249.9298553     -173.9037323       61.5996399     -145.2420197     -164.8569794     -206.4591675     -172.4497833     -184.2135620     -172.1614380     -190.3515320     -159.2001038     -198.2684326     -193.7078247     -181.8704834     -206.8416595      -34.0773201      -48.5995522     -126.5659256     -206.9292297     -204.9287872      -77.2621841
      154800 2017:09:08:07:00:00.002   -112.05944      -68.5974197     -193.4422455     -278.4381104     -200.6705475       70.6800079     -200.2370758     -200.4135132     -216.8503723     -156.2679901     -231.3879242     -226.9479980     -185.8731537     -192.2307739     -216.4473724     -213.9519348     -197.9394989     -222.2171936      -35.6739502      -51.4753685     -156.2677612     -227.2875214     -226.3071899      -93.3399124
      158400 2017:09:08:08:00:00.040   -107.74494      -67.6780167     -202.1899261     -280.4553528     -196.1353912       81.4667816     -214.3699493     -227.7782288     -220.3000641     -146.3114471     -179.4261169     -179.8684998     -164.7418671     -222.7423706     -192.3657990     -205.7408447     -184.3767242     -224.1074982      -33.0821800      -48.9613647     -154.2142487     -230.2208557     -229.1962585      -95.7396088
      162000 2017:09:08:09:00:00.004   -101.15325      -65.2371445     -189.5559692     -260.1779480     -179.9158173       62.1401520     -182.3721466     -162.2373047     -215.7617645     -197.8526917     -168.9631805     -159.1934204     -193.1257019     -202.9222260     -162.1914368     -190.9660645     -157.8495789     -219.9897308      -33.2755356      -46.1043625     -130.0477905     -200.6783142     -198.2907104      -72.1497803
      165600 2017:09:08:10:00:00.058    -93.78600      -63.3541451     -165.1711273     -233.4899902     -165.0180054       29.9774780     -155.8994904     -150.3811798     -174.0451965     -180.3586578     -172.8079224     -169.1571960     -184.1221771     -169.4993744     -155.0290833     -191.5365906     -158.1450958     -176.1664276      -32.0648193      -44.5471268     -113.4851379     -169.3321228     -167.0024261      -49.7516441
      169200 2017:09:08:11:00:00.022    -96.34796      -65.7667923     -147.2119293     -201.1564789     -148.0077362       21.4447937     -135.7410126     -143.5229034     -152.3980255     -157.1858063     -155.6662292     -151.4732971     -159.0443420     -149.9332275     -150.2601318     -168.1404877     -148.2231598     -151.9002533      -32.3909988      -46.5274315      -94.1072617     -144.0286255     -140.2877808      -33.6189499
      172800 2017:09:08:12:00:00.075    -96.28794      -69.5267181     -141.9920197     -193.5779572     -145.3272247       26.6883087     -127.2257233     -142.7161255     -145.3446808     -152.6815796     -156.9620361     -153.9140320     -158.2233582     -146.8795929     -153.6651764     -161.7681885     -151.6294556     -143.7964478      -34.6460075      -47.6209869      -89.6553497     -140.5210419     -139.3357544      -33.4679031
      176400 2017:09:08:13:00:00.039   -107.14354      -90.1098862     -138.0449066     -196.9180298     -144.1219788       31.4492035     -127.2196655     -148.9930878     -125.9867783     -149.9800568     -159.1548615     -158.3097229     -155.7190247     -146.4859161     -156.6980438     -157.6487122     -153.3688354     -126.8605194      -42.2263451      -54.3724098      -91.1050873     -151.2301178     -149.6481934      -36.7913437
      180000 2017:09:08:14:00:00.033   -123.27731      -75.3395538     -128.6702271     -180.4610291     -132.3085785       24.9603958     -131.2907715     -136.0021362     -113.6034164     -133.7845764     -140.7666931     -140.1254272     -139.1217346     -144.5883484     -146.3161621     -136.3481445     -137.4835358     -115.1650314      -38.6005287      -48.3329239      -86.4253311     -142.2261505     -143.4731598      -43.4999428
      183600 2017:09:08:15:00:00.071   -123.51833      -65.5738983     -153.0024414     -212.3522034     -153.0685577       23.7239532     -151.6261902     -161.9622650     -143.2254791     -155.1958618     -162.3177643     -163.9880524     -160.0206604     -168.1483612     -155.7154694     -142.2963257     -140.2640991     -145.3748627      -34.6026001      -47.0167389     -102.0825272     -161.5296021     -159.8578796      -44.0180779
      187200 2017:09:08:16:00:00.006   -132.12311      -60.2788086     -176.7295532     -245.3453217     -175.5568085       35.1819305     -176.4594269     -192.7476959     -168.8351288     -168.8759766     -187.2490692     -187.0406036     -181.6306000     -193.4012604     -175.0509491     -159.2102509     -157.5657654     -170.6513977      -31.2406464      -45.2146416     -116.7304611     -178.8313446     -177.5798798      -51.3741417
      190800 2017:09:08:17:00:00.044   -145.33936      -56.0211678     -177.8696136     -247.2355499     -175.4801483       45.9854889     -177.7572479     -198.5604858     -174.6083374     -160.5523834     -185.6081238     -186.0121460     -179.0335693     -197.1050262     -170.8672791     -154.2244263     -152.5749969     -177.4235687      -29.8218632      -40.9286537     -115.4168549     -180.7065430     -180.4247437      -53.9582977
      194400 2017:09:08:18:00:00.068   -160.13852      -61.4731407     -177.8965759     -237.0440063     -172.4608154       48.7916565     -173.1218414     -193.3625183     -187.7874908     -157.3144226     -178.1135712     -176.2357178     -169.7695618     -197.0901337     -161.2584534     -158.6307678     -144.5708618     -190.1595764      -34.6142311      -43.1721001     -122.9665375     -180.7547913     -181.1270905      -68.1099243
      198000 2017:09:08:19:00:00.017   -179.47375      -66.7601471     -166.4580383     -198.6164093     -162.1158447       25.5152893     -175.8400879     -166.1977234     -173.4695129     -150.3247986     -154.0425262     -152.3233643     -154.1162262     -179.6712799     -157.9363861     -159.8199463     -154.4136353     -173.5954285      -38.0430489      -47.3456383     -112.9265137     -149.2863464     -151.0114136      -61.0115166
      201600 2017:09:08:20:00:00.055   -161.30710      -68.2001724     -158.3967743     -182.7646179     -153.4797821       26.2269592     -163.9284668     -153.1542053     -163.3754578     -153.1289825     -142.4621582     -137.7015076     -152.9547272     -164.5080261     -146.0577698     -155.5764618     -149.2652130     -163.7003174      -38.1745415      -46.7264977     -103.7064209     -135.8140106     -135.4723053      -56.0024338
      205200 2017:09:08:21:00:00.079   -149.46809      -68.4341812     -158.5279694     -181.1054840     -153.7202148       24.1257629     -150.0290222     -151.7642212     -165.7965240     -166.5220795     -150.1113892     -143.0148926     -163.7360382     -151.7034302     -141.4704742     -156.1093445     -143.8504181     -167.1406555      -34.8186226      -48.1921005     -104.6028748     -135.7398071     -136.6783447      -54.6791840
      208800 2017:09:08:22:00:00.073   -146.14938      -64.0565491     -153.0499268     -169.6321411     -149.8000336       23.8356628     -144.9644318     -142.7205200     -158.7864838     -165.7282562     -150.5833130     -144.2083740     -163.5755615     -140.6671143     -141.0614777     -151.2510986     -141.8925934     -159.2860413      -34.6967468      -46.7565689      -96.8102417     -125.8980865     -127.0030746      -48.6207733
      212400 2017:09:08:23:00:00.037   -143.20244      -65.9452209     -146.8924103     -163.3539886     -145.9497375       28.8145905     -137.6443329     -135.2162476     -153.0498352     -161.6592102     -159.2270203     -154.9988098     -163.0576019     -139.1544647     -134.0292816     -142.5748138     -132.8446198     -153.3352051      -34.5739059      -47.3624840      -93.8938828     -119.2265091     -119.1086121      -48.7272606
      216000 2017:09:09:00:00:00.075   -139.00035      -65.0012131     -132.6568298     -144.9213104     -134.8878784       27.6844406     -128.4197235     -121.9561234     -138.8539124     -141.3975220     -147.6884003     -149.6405640     -143.1921539     -128.6053467     -129.8593597     -134.7314606     -129.0498962     -138.8634338      -32.9864120      -46.1880798      -81.9276199      -99.9324799      -99.5942001      -42.3002892
      219600 2017:09:09:01:00:00.039   -134.41199      -62.5131340     -122.2790375     -131.7056580     -125.1850967       22.5393066     -116.2836304     -120.7298813     -124.7596588     -127.3429642     -134.9990845     -138.8229370     -128.5036163     -119.9241714     -121.8292465     -130.2919617     -122.0981140     -125.8330994      -31.6659355      -42.9428787      -70.2227097      -90.6130600      -89.1289749      -32.8482170
      223200 2017:09:09:02:00:00.004   -134.78229      -62.6208496     -125.2648468     -134.5733643     -128.6249237       18.4263840     -119.7803879     -132.7649536     -122.5039520     -126.0100708     -135.1211853     -138.2067719     -126.0660248     -121.7031021     -127.1369019     -136.1137390     -131.4864044     -123.5009918      -30.9614964      -44.5956039      -76.1450729      -92.7956161      -92.0185013      -34.6476440
      226800 2017:09:09:03:00:00.057   -135.38715      -62.7861519     -127.1214523     -134.4844208     -129.3377380       29.9816284     -117.2021790     -147.1838074     -119.8865051     -124.2133255     -130.2963104     -133.2200623     -124.1134338     -117.8395233     -127.1992340     -134.2956696     -130.6243744     -123.5826797      -31.2234058      -43.9103546      -76.0352020      -97.0601501      -96.0324631      -32.5795555
      230400 2017:09:09:04:00:00.021   -131.67279      -59.5734444     -129.9553528     -136.3237000     -130.7320404       27.5593948     -120.9618149     -148.5212097     -122.3283463     -128.0100403     -125.5413055     -128.8586273     -125.8848190     -116.8855209     -127.4161987     -128.5944824     -131.4807129     -126.5598907      -29.7591095      -43.0800476      -78.2442474      -98.4248810      -97.7070999      -33.4458046
      234000 2017:09:09:05:00:00.045   -129.90076      -59.2225533     -127.3231964     -133.3701935     -126.8843384       24.0428162     -116.8750305     -140.9178467     -129.0717773     -122.4281158     -127.7145920     -127.3267593     -125.3340073     -121.7897949     -130.8436127     -122.7876053     -121.0527725     -132.7055359      -29.7831669      -42.3030853      -75.8113937      -94.2967606      -94.4588699      -29.0287342
      237600 2017:09:09:06:00:00.023   -128.21902      -58.6066093     -131.5714111     -138.9648590     -129.3383331       24.5352859     -124.7198792     -134.1890259     -144.1639252     -123.2128220     -126.6952515     -129.5458679     -124.9620438     -128.7125702     -131.8217468     -129.2463379     -119.9135666     -144.4488525      -29.3485489      -41.6390495      -81.5463562     -100.5581284     -100.0640411      -24.3368702
      241200 2017:09:09:07:00:00.047   -127.72603      -59.4715080     -134.6307983     -142.1728058     -131.1830139       23.7677231     -137.3042603     -133.9795532     -145.9483185     -121.2910767     -127.6854477     -130.2691650     -125.5832825     -142.4988861     -134.7599792     -133.0805817     -120.2431412     -144.0108643      -29.3340187      -41.1290817      -84.4779968     -100.8383636      -99.6185684      -23.6734276
      244800 2017:09:09:08:00:00.011   -125.02515      -74.7472305     -145.3894501     -159.8541565     -137.2701874       36.4810867     -154.9863586     -137.1862030     -156.0359650     -133.3492889     -129.0123138     -126.1978683     -129.6415558     -168.6413422     -133.0809479     -137.7072754     -118.5052719     -153.3961639      -34.6058273      -44.2904091      -96.9205933     -117.2257385     -116.5899658      -25.8623219
      248400 2017:09:09:09:00:00.005   -130.00246      -68.6788254     -145.6464081     -169.0797729     -138.4534149       38.0629654     -143.5724945     -134.6862946     -160.8076935     -143.5191498     -133.0421753     -129.2209625     -140.0471191     -160.2075348     -128.7482605     -145.4518738     -120.8293076     -158.8922729      -35.3268967      -44.2549400     -101.4858093     -132.3765564     -131.7707825      -41.8307076
      252000 2017:09:09:10:00:00.043   -128.41821      -81.1099396     -148.1467133     -190.3903809     -146.9596405       32.3944550     -143.5472260     -130.2140656     -161.9115448     -156.9140015     -150.6256256     -142.4862366     -157.6478271     -166.1068573     -153.4787598     -169.7292480     -145.9877014     -162.6085205      -38.7580948      -47.9645348     -108.9384766     -151.1193237     -152.2954254      -52.1736679
      255600 2017:09:09:11:00:00.007   -124.81268      -79.8794403     -154.8859253     -199.1816711     -157.0727386       39.7168732     -151.4987793     -133.4243622     -161.4792786     -173.1412354     -159.8863831     -151.5492096     -171.4458618     -168.2870636     -176.7295074     -181.1624603     -171.9133453     -160.9094696      -37.3617706      -47.7473488     -116.3763504     -158.5887146     -161.5063171      -59.8597031
      259200 2017:09:09:12:00:00.061   -125.20211      -76.8294220     -161.3045807     -206.9743347     -166.1659546       50.7283630     -159.2495117     -138.2684174     -158.8875122     -188.8128815     -170.3961182     -160.8966675     -185.2806396     -172.8445435     -194.7570953     -183.7561035     -188.9967804     -160.7714844      -35.5161095      -46.6838608     -117.6192474     -165.3743896     -166.5162354      -63.4327126
      262800 2017:09:09:13:00:00.025   -121.86861      -76.4125443     -156.1885376     -193.2637329     -160.9015961       43.5270081     -153.8089600     -138.6968079     -150.0245667     -182.2238159     -166.0034485     -157.9552917     -181.6216278     -160.4922180     -189.1871185     -167.8962250     -181.8540955     -150.8706360      -35.3335152      -46.6341972     -109.7627411     -150.4392853     -150.2469635      -60.0931702
      266400 2017:09:09:13:59:59.989   -121.55903      -77.6916504     -153.0491486     -187.7224426     -157.7086487       32.8352356     -153.6033325     -140.5137482     -144.7305450     -173.3489838     -171.1904755     -166.5719452     -178.5601654     -160.3764648     -177.0846558     -156.1291656     -166.4461975     -145.7676239      -34.6577988      -47.4263687     -107.6415787     -143.9002991     -143.2814178      -58.3485069
      270000 2017:09:09:15:00:00.042   -119.25043      -78.5026550     -146.1735535     -172.9611969     -150.1948090       28.0060272     -152.5071564     -141.8662872     -139.1153107     -151.2054291     -168.9259186     -168.9929962     -163.6723022     -155.5829620     -157.3834839     -142.0060120     -145.6100464     -140.9869690      -35.8538704      -47.3742332      -99.9651947     -129.3446655     -128.3116913      -51.8135796
      273600 2017:09:09:16:00:00.006   -120.04095      -76.2249222     -142.0018005     -162.6979218     -144.8181305       28.5323334     -155.0528870     -141.9242401     -135.1663361     -135.8637695     -161.1017456     -163.9259338     -147.1739044     -150.7888184     -147.0231628     -133.9557037     -135.3936005     -136.7483215      -35.2073135      -46.7385712      -94.1444778     -119.2941818     -118.5061264      -47.6965828
      277200 2017:09:09:17:00:00.060   -118.20924      -76.0658417     -140.6939392     -157.5423126     -141.5136108       23.3782349     -152.3644257     -145.9620056     -134.8158722     -129.6334534     -149.2886353     -153.0116882     -138.6591797     -146.6331329     -140.9504700     -133.7942657     -131.8850861     -136.2250671      -35.0648346      -46.1686401      -88.5720291     -113.0243073     -111.3136139      -42.9800262
