        3600 2012:07:14:15:00:00.181     -0.00000       -3.9842131       10.2096386       11.2007914       10.4555216        2.8828802        8.7468824       10.3282766       11.5960846       10.1673117       11.3765059       11.1508436       11.1921425       11.2060881        9.4200439       11.8292341       10.7100563       11.6297626       -3.1057601    -1106.9394531       11.2007914       13.6109877       14.8083725       -3.7352040
        7200 2012:07:14:16:00:00.023     -0.00000       -5.1386127        0.7853454        1.8292807        1.0611974        2.0308697       -0.3511866        1.4246114        1.7311339        0.3368228        1.8744178        1.6697987        1.1103019        1.5944350       -0.3974764        2.6854472        1.6796831        1.6074550       -4.2582407    -1757.1431885        1.8292807        6.2785997        7.7948747       -7.7567043
       10800 2012:07:14:17:00:00.026    -18.79250       -8.4709797       -2.8595450       -1.6161863       -2.4793608        4.0391850       -5.1397080       -1.9381051       -2.9315271       -1.4288399       -0.8809276       -1.1005229       -1.1334754       -0.2198466       -4.6943235       -2.0968592       -2.5077803       -2.7612100       -6.8289495       -7.6601801        1.4244422       -3.0994089       -1.3342384       -1.4684923
       14400 2012:07:14:18:00:00.146    -41.05414      -39.6237717       -0.6763532       -0.7599289        0.0390882       14.1328564       -8.5053101        4.9006729        4.8544168       -3.9551923        1.8504622        1.0359967       -0.5378796        1.4036696       -5.8094854        4.3509965        1.1308160        5.6275468      -23.9311123      -24.4263515       -3.8774641      -16.1568241      -13.8602543       -8.4453268
       18000 2012:07:14:19:00:00.078   -109.07547      -42.2419243      -30.6201801      -31.0875874      -30.6457233       18.0952015      -41.0911331      -22.9959316      -27.6706944      -30.7229614      -25.7052231      -26.2694511      -27.3488636      -30.4906120      -43.4383545      -28.7370987      -36.2021484      -26.5927258      -25.7480450      -27.0736198      -12.0927572      -32.0642357      -29.6294556      -16.3408718
       21600 2012:07:14:20:00:00.052   -180.40561      -68.7549973      -80.8196030      -80.6519318      -80.9701843       25.6636734      -96.7290421      -71.0653687      -77.8722229      -77.6117859      -73.1585693      -74.2299042      -73.6175690      -81.2637634      -98.1613617      -80.7909622      -90.0797348      -76.1052551      -43.7234421      -46.1409836      -38.6880531      -64.2245407      -61.8279572      -34.8005409
       25200 2012:07:14:21:00:00.044   -195.01735      -80.1927490     -108.3457108     -108.8779297     -107.5940781       40.5091400     -132.3011475      -91.7920074      -98.7154617     -110.5742188      -97.2081757      -96.8402863     -104.3049927     -110.5662766     -121.0983582     -108.7077942     -117.0289383      -97.0278168      -46.1377754      -57.3565063      -55.2935143      -86.1012955      -84.5488052      -44.3218269
       28800 2012:07:14:22:00:00.036   -216.87770     -113.6048660      -93.5725098      -95.7832870      -92.7873459       47.3317108     -119.2014923      -75.3439178      -73.2486496     -106.4959641      -86.3876724      -86.5950317      -95.7030411      -94.6906891     -103.2747421      -87.9688873      -97.2178726      -71.8697815      -58.6875763      -77.0645905      -66.1436234      -97.2973938      -95.1008148      -55.7613983
       32400 2012:07:14:23:00:00.052   -204.15250      -98.4005127     -118.2076874     -119.7649918     -118.6848145       37.3858566     -129.5808716     -109.4546356      -97.2013855     -136.5938721     -123.5099182     -124.4618225     -129.0925598     -117.7922821     -114.1491852     -107.6182022     -112.8096771      -99.2080154      -50.3909149      -71.3024673      -61.1664619      -94.9302292      -93.4924240      -52.3408089
       36000 2012:07:15:00:00:00.049   -221.59572     -118.6990356      -86.8208466      -86.6117859      -86.2070694       30.5393753      -86.8370819      -89.9129181      -70.1506729     -100.3827362      -95.3694000      -98.1784058      -95.8241119      -83.0261917      -73.8503723      -62.5300598      -69.8433609      -72.0878983      -51.1977692      -67.7367706      -48.2362785      -84.9731827      -82.3642197      -37.4438782
       39600 2012:07:15:00:59:59.999   -225.90240     -114.2846832     -104.2962799     -105.9144821     -103.0635681       27.6513138      -98.5123062     -111.4748077      -95.8054886     -111.3925018     -110.7917633     -113.7973480     -108.7817230     -100.8789520      -90.3387375      -78.2868881      -86.1460342      -97.0584259      -56.1272697      -62.8575554      -57.0762672      -96.1335297      -94.5348358      -46.9509697
       43200 2012:07:15:02:00:00.007   -206.01691      -96.4046326     -153.7167816     -161.2793732     -154.4143829       33.3078918     -138.2217712     -170.3006287     -145.2408905     -161.1038055     -168.4353027     -171.5296631     -160.3869781     -139.6537323     -142.9527283     -135.6379852     -138.4833984     -146.8469696      -56.2382927      -64.6224060      -90.8532639     -129.8874359     -128.7555847      -73.1480713
       46800 2012:07:15:03:00:00.035   -153.86725     -107.4799194     -166.1137085     -195.0445862     -167.2390137       71.6330414     -125.3511658     -196.9842072     -174.5166626     -167.6027985     -184.0802917     -188.5092163     -172.3201752     -133.0983582     -157.5988922     -165.4962616     -150.4981842     -174.4885254      -55.7188263      -68.8136139     -100.3763275     -164.5497742     -163.8022766      -80.4728470
       50400 2012:07:15:04:00:00.077   -180.41530     -100.4635620     -140.3412476     -208.7545624     -143.7542267       64.2354889     -105.9899750     -170.2254639     -162.1768188     -122.9727249     -155.6435089     -153.3993988     -144.4363861     -112.4993973     -155.4545898     -156.1376190     -144.4466858     -165.4910736      -39.2961273      -66.6197281      -88.9768372     -183.9694824     -182.7191620      -69.3290939
       54000 2012:07:15:05:00:00.037   -226.42068     -105.4756927     -151.2953796     -212.2553406     -152.9035797       39.6697235     -128.5148926     -168.1846161     -162.5423737     -145.9396210     -170.3919220     -166.6967316     -159.8663025     -120.7905731     -164.7779236     -157.7434998     -142.3469086     -165.7386322      -48.3939400      -59.7109146      -94.8189697     -177.5014954     -176.7465515      -68.3673935
       57600 2012:07:15:06:00:00.009   -309.77634     -134.9078064     -147.7980347     -160.2348328     -144.5226288       22.0867462     -140.4360504     -151.7236481     -154.7830048     -144.2494507     -141.8554535     -144.3606720     -141.0381317     -123.8328552     -145.5827789     -142.0331116     -132.1396027     -154.2263489      -62.7333145      -66.9181595      -83.9246216     -121.7836761     -121.3890839      -58.8541183
       61200 2012:07:15:07:00:00.002   -339.51825     -111.9451981     -170.8613892     -174.4755402     -168.2374878       41.3069916     -145.1915436     -186.4985352     -184.0489807     -167.7065735     -168.1779327     -174.0423126     -164.6143951     -142.2477875     -160.1975250     -165.4039612     -153.6088867     -182.3770447      -69.5205612      -68.9796677     -105.4157028     -146.5702667     -146.3514099      -71.3181992
       64800 2012:07:15:08:00:00.007   -315.87375     -147.9384613     -208.7279816     -231.2929077     -207.3150635       63.5861053     -170.3231354     -233.9092407     -240.0682678     -190.6112518     -208.4382172     -214.5695496     -195.1261444     -167.0122986     -213.2217712     -217.4930420     -202.0779572     -232.3992767      -85.5661163      -86.7812119     -139.7596130     -202.9765472     -202.3295593      -91.8284988
       68400 2012:07:15:09:00:00.024   -240.97461     -110.7335434     -175.6322021     -226.6705322     -181.5428009       63.3872986     -192.7045746     -182.8666229     -181.9172211     -145.0403900     -176.7030640     -179.4344177     -157.0186920     -166.8491974     -210.1424713     -205.7947235     -208.4276886     -180.7831116      -46.7841682      -74.6474609     -144.7507324     -190.9667664     -191.1840820      -68.5640869
       72000 2012:07:15:10:00:00.069   -210.06891     -101.0232315     -146.0224152     -187.8215942     -148.5673065       71.0672073     -181.9781494     -151.4676819     -139.7328796     -110.9109421     -124.6635971     -125.3935852     -113.1327057     -159.7709045     -175.6485291     -168.4244995     -179.6242981     -142.0291595      -45.0179596      -66.8719635     -121.0416565     -165.1062927     -166.9730377      -57.2303009
       75600 2012:07:15:11:00:00.004   -207.17575      -92.2361526     -128.4971924     -134.0458374     -130.4009399       26.0849457     -138.2593231     -128.5619049     -129.0289154     -118.1385803     -122.2287445     -125.5454407     -113.4341049     -129.0378113     -140.4359283     -132.5231476     -144.2235260     -127.6768494      -46.7177010      -60.5396729      -94.4091187     -120.3219528     -121.0759811      -51.1784668
       79200 2012:07:15:12:00:00.027   -212.33380      -93.4550629     -151.8773041     -157.8074493     -153.0330353       33.6775513     -155.5868073     -164.4706573     -155.9363556     -131.5153809     -140.3259888     -146.2730103     -127.9084702     -146.5751190     -162.7005768     -150.6227570     -165.1929321     -155.1594238      -52.2243805      -64.3585739     -107.0927963     -139.4574738     -139.4679565      -64.4889908
       82800 2012:07:15:13:00:00.043   -203.48933      -93.8954010     -148.0459290     -158.3005219     -148.5819550       45.8872452     -164.5852203     -142.2380981     -153.6832275     -131.6771851     -124.5520706     -127.4256821     -127.3759308     -154.8056183     -173.3194122     -156.4058685     -173.3129272     -152.2525787      -46.9520454      -64.5980301     -101.8479691     -131.8630219     -131.7505798      -53.0196075
       86400 2012:07:15:14:00:00.052   -203.10445      -91.3676987     -145.9365540     -165.5374298     -146.2626190       24.7373352     -157.6358643     -136.2650299     -144.1889648     -145.6564026     -135.7699432     -134.7101288     -144.7078857     -154.3466949     -164.8054047     -150.1448822     -159.4474640     -143.8607788      -44.3547859      -64.4731979     -104.0398788     -131.8378143     -132.5147095      -46.5508156
       90000 2012:07:15:15:00:00.053   -199.96794      -94.8447266     -151.8704834     -167.4441681     -153.9282684       26.4348907     -166.2189026     -149.4530182     -142.0071259     -149.8028259     -153.5073853     -155.6420898     -151.1156311     -159.5295258     -171.9723816     -150.4036713     -162.6687622     -139.7840118      -49.2482758      -65.9379272     -104.2118530     -128.9712067     -128.6735077      -51.0962296
       93600 2012:07:15:16:00:00.025   -188.90019      -86.5053482     -146.2694092     -160.5734558     -146.1704254       20.5421143     -157.3684998     -151.7750549     -137.6362000     -138.2979126     -154.2454529     -155.2849121     -141.4548645     -150.6627808     -150.7160187     -130.6249695     -137.4698029     -136.8263855      -41.4066238      -60.8201942      -96.0580750     -122.1031876     -121.5802917      -41.7404175
       97200 2012:07:15:17:00:00.026   -191.00386      -97.0060349     -157.7372742     -175.8125305     -156.6760254       20.7345734     -163.0796356     -167.1747742     -150.2990417     -150.3956757     -162.9678040     -163.1855774     -155.0125122     -161.1685486     -153.1465149     -142.1902008     -146.4402008     -149.7802582      -54.8545952      -61.3263702     -105.1700439     -133.4012299     -134.3538513      -54.3246155
      100800 2012:07:15:18:00:00.013   -185.09167      -93.9666824     -167.0223694     -186.1202393     -164.6423492       47.8039856     -189.8255920     -162.6641693     -142.6045837     -172.9951324     -167.1417542     -165.5536804     -168.6895294     -173.7747192     -171.1077728     -146.6875916     -154.7939606     -142.0216064      -49.4674721      -65.0496368     -107.1231995     -140.2801514     -141.3610687      -52.7022629
      104400 2012:07:15:19:00:00.036   -174.27620      -82.8892899     -166.7626190     -190.0099182     -162.0284424       41.3399963     -167.2379303     -182.8823547     -156.6951599     -160.2350159     -162.3909912     -162.0635376     -160.8701935     -160.1604767     -151.7645721     -141.7640686     -141.5423584     -158.2095032      -39.2631073      -59.0033150     -102.7169189     -136.7637634     -136.7562256      -42.9402351
      108000 2012:07:15:20:00:00.067   -170.84473      -78.8135452     -180.6065216     -217.6653137     -176.7871552       32.6878357     -175.9184875     -176.8902130     -198.0640564     -171.5532990     -167.5869293     -162.9223175     -172.6887512     -168.4596558     -179.1623840     -178.8178101     -177.8285217     -195.6101532      -42.2856712      -57.1711311     -114.9060059     -152.6281433     -152.0026093      -59.5150375
      111600 2012:07:15:21:00:00.024   -164.54437      -79.9328384     -188.2259064     -247.5676575     -193.0223541       48.9697723     -197.8264008     -165.1599731     -195.9431305     -193.9741058     -192.4932709     -188.6119537     -195.1380615     -183.8834229     -216.5084076     -210.5679016     -214.1297455     -198.4319763      -45.3714027      -54.7983475     -123.1122742     -168.7156982     -166.8046722      -62.7229996
      115200 2012:07:15:22:00:00.055   -166.22726      -90.5047684     -237.6549072     -330.8970947     -247.1570587       70.5691681     -286.6211243     -228.3258057     -199.6752777     -235.9974060     -243.6713562     -238.5296631     -239.9164429     -246.4695740     -269.3744812     -267.7721558     -277.4164124     -216.0519562      -52.6752815      -60.8859253     -151.1663361     -225.7189331     -223.9774323      -93.7876740
      118800 2012:07:15:23:00:00.026   -151.28638      -86.7948456     -225.1726685     -296.9296875     -220.6398315       70.2142181     -239.8085938     -237.6334229     -199.5948639     -223.6537933     -235.9976044     -238.5941772     -228.2857971     -220.0997772     -170.4026184     -188.3764343     -169.5943756     -214.5545349      -40.9430504      -59.1203346     -127.7413177     -214.8965454     -212.6401672      -83.9414673
      122400 2012:07:16:00:00:00.057   -149.78586      -82.3476486     -192.4937134     -248.1090393     -185.9093475       69.4669189     -179.0034790     -206.0929260     -188.8498230     -196.0286102     -198.7102356     -204.4313202     -191.7185059     -205.1037750     -159.1957550     -172.6645813     -136.6260071     -193.2736969      -45.3943787      -58.4390259     -113.5925064     -200.9572754     -199.6676178      -88.3576736
      126000 2012:07:16:01:00:00.007   -144.19865      -78.1861877     -187.8311920     -236.3783569     -187.6987762       48.3759766     -157.7740631     -201.2082825     -186.1923981     -206.1500397     -188.5891724     -187.7593231     -199.1770172     -185.9843750     -188.7351379     -194.7112579     -184.6819000     -188.6190491      -42.9468651      -57.7675400     -126.8602142     -197.1152954     -194.9414520     -102.4464874
      129600 2012:07:16:02:00:00.060   -134.79044      -72.3309631     -177.0959930     -212.2056732     -180.1566010       39.6696320     -193.8801880     -186.1563263     -172.1662750     -156.1812286     -196.0650177     -195.8508606     -184.6114807     -189.5528412     -178.2669373     -179.5916595     -176.0432281     -172.8277130      -38.7603760      -52.1999321     -129.3818207     -175.4449005     -173.9677887     -103.9009476
      133200 2012:07:16:03:00:00.009   -136.49023      -71.6241150     -186.2437439     -229.7129974     -182.6416779       25.9505310     -185.2320862     -197.4597473     -187.1833801     -175.0997620     -176.6021576     -171.5092163     -177.3965454     -186.1042328     -184.7052460     -189.4095001     -176.5829773     -189.9662933      -36.5643082      -52.9039803     -131.4715881     -192.7938690     -192.0357819      -89.4963226
      136800 2012:07:16:04:00:00.048   -135.08098      -73.8943329     -205.7922211     -258.2590637     -205.6035614       33.8472900     -192.0590210     -192.8094330     -223.1224823     -215.1779327     -211.6074677     -199.3750305     -228.7714996     -190.3473816     -221.8841095     -213.9402771     -208.2936249     -225.9063110      -37.5480003      -53.6158562     -146.7055359     -203.5677795     -202.8754730      -84.2852020
      140400 2012:07:16:05:00:00.012   -132.00836      -72.9628448     -188.3126221     -227.2083435     -190.7436523       34.7614899     -192.8460846     -169.1802826     -204.0282288     -187.1959076     -197.2961884     -195.3677979     -192.8475952     -186.8361206     -204.4848175     -198.2942505     -195.9300537     -203.9417725      -37.0193520      -52.6814537     -135.0856781     -174.6546936     -173.7165375      -66.9946136
      144000 2012:07:16:06:00:00.050   -133.66438      -72.7072449     -172.1690674     -191.9136505     -170.3904877       21.5420685     -182.0241547     -160.4820862     -179.8028107     -166.3672180     -166.5297546     -166.7691650     -163.3002319     -176.8465271     -165.8334045     -171.4345703     -168.2991333     -178.4011536      -37.3649979      -52.5459175     -117.6625595     -146.0100403     -144.7429962      -52.8411140
      147600 2012:07:16:07:00:00.014   -132.52322      -74.3999863     -160.3419647     -176.2294464     -158.2299652       12.7205200     -165.0319366     -154.0621033     -163.9316406     -158.3421783     -157.5279388     -157.0246277     -157.0788879     -167.2393036     -153.2505035     -161.2247925     -152.3114166     -162.6076202      -37.8342247      -52.9385948     -104.6376190     -132.1490326     -130.5211182      -48.6585770
      151200 2012:07:16:08:00:00.053   -131.20279      -72.7748260     -151.6214905     -167.4916687     -149.5615082       15.0385132     -150.0147858     -155.0162659     -150.6125946     -150.8422852     -150.8174896     -152.0712280     -148.2350006     -155.8785248     -145.2581177     -150.3085022     -139.9777527     -149.4467010      -35.7276726      -52.2927704      -89.0693207     -115.8410263     -114.3406372      -43.7413635
      154800 2012:07:16:09:00:00.032   -131.22594      -70.7038040     -156.6535645     -176.6140442     -154.0812836       21.1206055     -152.8435211     -164.8240204     -155.1134338     -153.8332672     -151.1283112     -152.4502258     -150.8331451     -157.9133301     -151.2362061     -155.2154846     -143.7034149     -156.8333130      -34.6683617      -50.8361435      -87.8759003     -118.3269501     -117.3512421      -42.4023438
      158400 2012:07:16:09:59:59.996   -130.30435      -71.6251450     -168.1648102     -190.7521362     -165.7101746       18.3084412     -162.5647278     -174.8587646     -170.0670624     -165.1687012     -161.9966736     -164.7505493     -162.4653778     -166.3660889     -158.8658905     -164.1430817     -156.5503235     -170.3679657      -34.7361565      -51.6761093      -92.7323074     -122.3093643     -121.1967926      -39.4774284
      162000 2012:07:16:11:00:00.034   -130.28221      -71.3950272     -180.3269348     -210.2281189     -176.9195557       22.5722198     -169.0312958     -187.2993927     -184.2466888     -180.7303162     -176.5184937     -177.3348999     -179.0731964     -175.5613098     -169.5107727     -174.6335602     -164.7271729     -182.3941650      -34.1355820      -50.9282532      -95.7494278     -126.5007172     -125.4333115      -38.3972931
      165600 2012:07:16:11:59:59.998   -131.59131      -81.2530975     -194.2369690     -238.8158417     -191.8126678       35.9042816     -173.8115692     -207.4608154     -197.8991547     -197.7762756     -199.9749146     -201.3466492     -202.2212524     -190.6487274     -181.6412964     -194.7923431     -171.5565338     -198.9241791      -40.7305794      -55.3310966     -107.0306625     -144.7254486     -142.3783569      -43.2986908
