        3600 2012:07:14:16:00:00.090     -0.00000       -0.8911672        5.7493181        6.7588201        5.8990650        1.6540332        4.9918365        5.4507985        5.9087672        6.6458697        6.7355580        6.4043818        7.0692134        6.4227676        5.1456928        6.4315233        5.8892832        6.0122190       -0.5697541     -458.4441528        6.7588201       10.5336847       10.6451616       -2.5562828
        7200 2012:07:14:17:00:00.167     -0.00000       -2.4793043       10.2180939       11.5616226       10.4983816        2.7237654        8.6875153       10.1560907       10.9853153       11.0434551       11.6427994       11.4112806       11.6415281       11.4137993        9.2431164       11.5613804       10.6161766       11.0757723       -1.8129102    -1186.1199951       11.5616226       15.6796608       16.5432835       -2.7732949
       10800 2012:07:14:18:00:00.133    -20.71041      -27.1298485       20.4997063       21.6525745       21.1681728        8.4428329       15.3722458       22.2214661       22.0531368       22.3519707       24.6313667       23.8150787       24.2660160       23.5139923       15.1492767       23.0910511       20.4093094       22.8389626      -12.3574018      -15.9523382       10.3510160        2.2490199        5.6467237        2.5137436
       14400 2012:07:14:19:00:00.120    -88.00032      -48.2606850       -5.8544288       -5.4371061       -5.4562802       19.1864681      -17.0957279       -0.0280965       -5.2211151       -1.0727752        2.3961935        2.0907407        1.4674861       -5.2477026      -19.4296093       -6.2700596      -12.8279095       -3.8039114      -20.9282513      -24.9234848        2.3227310      -15.6883516      -12.8256712       -5.9785419
       18000 2012:07:14:20:00:00.158   -135.00879      -66.0046692      -30.0113144      -30.0263004      -29.5904369       25.9891129      -46.0588951      -20.4717445      -29.0344734      -24.4801464      -19.9909439      -20.0697823      -21.3040276      -34.0077591      -46.7841034      -32.3666382      -39.2530289      -27.2090302      -33.6397171      -43.3164902      -12.1570139      -34.3182259      -31.4115295      -17.0140743
       21600 2012:07:14:21:00:00.041   -134.43752      -68.7177582      -48.0577927      -47.3670311      -47.0188179       30.0653877      -66.4426041      -36.5574036      -44.1507225      -45.0804405      -36.1226730      -36.3772163      -40.1430550      -51.9134941      -60.6747017      -49.6289597      -55.5752068      -42.0800323      -35.4841080      -48.7140121      -21.1055412      -44.5153809      -42.3691788      -22.6361885
       25200 2012:07:14:22:00:00.107   -139.82356      -72.1094971      -64.8558044      -66.9688797      -62.5618706       31.0535927      -82.9254608      -51.8718681      -57.5543900      -67.0715179      -53.9364433      -53.6283493      -60.6836548      -67.0684433      -67.2244339      -63.4530411      -64.4542542      -55.4197655      -38.7807770      -56.7248154      -36.1444321      -63.9781761      -62.0072632      -33.6532173
       28800 2012:07:14:23:00:00.077   -117.26881      -60.9413986      -70.9966125      -84.7049637      -70.2504196       18.3472672      -78.6928177      -61.8608322      -63.2247009      -80.2080994      -68.9304123      -67.8722534      -75.8494110      -74.5797348      -69.2907181      -72.8350525      -69.2009506      -63.6675453      -30.9431286      -50.2537498      -42.8410721      -78.7288895      -77.3285065      -39.2337952
       32400 2012:07:15:00:00:00.011   -113.60863      -53.3793259      -76.7950592     -110.6768951      -78.5789413       29.8725967      -65.8163986      -72.7779999      -72.8968582      -95.6889954      -87.0299835      -85.7030258      -94.5723724      -81.6547089      -81.7484665      -84.0418320      -78.4141235      -73.0730743      -26.4246445      -45.7499313      -56.3550262     -103.4743118     -102.1481857      -51.8962059
       36000 2012:07:15:01:00:00.075   -108.52115      -49.3506050      -97.2182465     -162.7359314     -104.1700439       46.9707642      -78.5764847     -107.3148117      -98.1197586     -104.8619232     -128.7013855     -125.5472488     -127.4397583      -98.8309097     -123.1147308     -105.5942841     -107.6940231     -101.0257645      -23.5675774      -43.2917938      -82.9599457     -151.9518127     -150.5484009      -73.6558685
       39600 2012:07:15:02:00:00.032   -108.39181      -46.2679596     -102.3515015     -171.5580902     -106.5954590       55.6139832     -109.0998001     -120.5574646     -105.1764679      -74.5722504     -136.1853485     -130.1862335     -106.5840073     -112.6685104     -109.4481049      -99.1217728      -95.9089661     -109.2480469      -21.7680893      -41.7309532      -85.7612457     -157.8463745     -156.4502106      -72.3956299
       43200 2012:07:15:03:00:00.018   -109.49561      -45.1357918      -96.6864777     -151.3774109      -94.6928024       52.4336777     -107.1074905     -116.7579651      -98.5561676      -64.3242874     -102.0831604     -100.2660065      -75.9940262      -99.6819916      -86.8232574      -86.8733826      -76.5447083     -103.1563644      -21.2283325      -40.8417206      -69.3990250     -134.4688873     -133.0981750      -54.1603012
       46800 2012:07:15:04:00:00.087   -103.12212      -44.6263313      -92.8618774     -138.4612427      -86.4388046       40.4327850      -94.2991791     -108.6648407      -95.8843079      -72.5991669      -78.7591171      -75.2851334      -76.9252930      -87.2863846      -79.4367981      -81.4684753      -68.2320557      -99.5524292      -22.3401070      -38.5676765      -59.5184250     -119.1776657     -117.6521149      -42.9049911
       50400 2012:07:15:05:00:00.084    -91.56101      -46.4366951     -100.3078461     -147.0732422      -93.9415817       36.4178162      -94.1576385     -106.2844315     -110.5195312      -90.2697678      -84.6364441      -77.5798416      -94.1912155      -90.8346558      -92.6949005      -95.5629807      -81.3601227     -113.9976578      -29.0371933      -32.1390038      -64.6066437     -125.5947723     -124.3680954      -47.2965050
       54000 2012:07:15:06:00:00.089    -94.67928      -53.6146736     -144.9207306     -214.9360809     -142.2503815       51.3046875     -138.9962158     -151.5627289     -168.5444031     -120.5795593     -135.6787109     -127.8893204     -134.0581970     -138.0861053     -150.9485931     -153.8744049     -142.5901794     -171.8842468      -33.8865891      -36.0004463      -97.3569641     -181.7996674     -180.8031311      -76.7592468
       57600 2012:07:15:07:00:00.031    -71.67092      -51.8924980     -197.0536957     -326.5019226     -198.9265594       94.1486969     -202.8049316     -206.5093384     -231.2089844     -147.6915283     -209.7815857     -189.9209595     -174.3377533     -200.1243286     -217.4680939     -220.9338684     -204.7922974     -241.8402252      -31.4771996      -37.2860909     -157.7635498     -286.2978516     -285.3483276     -126.4631958
       61200 2012:07:15:08:00:00.002    -74.89043      -49.0058899     -234.8600769     -395.5077209     -236.7818756      100.5697479     -252.5053558     -238.8469543     -267.2752686     -180.8127289     -243.9206085     -235.0712128     -205.6783600     -241.7337189     -248.8767395     -259.0048828     -232.0725861     -281.3824768      -29.4806347      -35.6577454     -202.5192108     -343.0390930     -341.8752441     -149.6247101
       64800 2012:07:15:09:00:00.000    -66.02346      -47.8888435     -223.1153870     -377.4886475     -221.7271881       94.0644684     -246.6878815     -220.1108856     -251.8386688     -173.8241119     -207.6737671     -204.3719177     -184.9357147     -230.2432098     -229.8768768     -251.2876434     -217.4798126     -267.8885803      -28.2604046      -33.7041206     -186.8413391     -318.7970276     -316.7272644     -120.9293747
       68400 2012:07:15:10:00:00.038    -72.65633      -43.4200249     -218.1075134     -375.2682495     -215.9691315       85.6073303     -235.7361145     -215.2038879     -244.6477051     -176.8423462     -201.2770691     -199.5581665     -185.8077850     -221.9159851     -214.3323975     -250.4525604     -206.0246429     -262.4496765      -26.7474098      -32.7630997     -195.8901062     -316.8394470     -315.2104187     -120.8071136
       72000 2012:07:15:11:00:00.010    -80.91669      -45.3779869     -224.1160278     -379.1423950     -219.5516510       62.7036591     -237.4614868     -212.8396759     -244.0441132     -202.1188354     -205.9329681     -200.4945831     -200.1877289     -228.5328064     -207.7226105     -259.2701111     -201.1971130     -263.1982422      -28.6206474      -32.2064743     -204.7371063     -319.1993408     -318.0114746     -121.8692322
       75600 2012:07:15:12:00:00.033    -82.52235      -49.3957710     -212.1932068     -357.8843994     -208.3598022       74.1475220     -222.5374451     -189.9754791     -238.7391968     -197.5206909     -201.2023926     -198.1489716     -202.3039246     -221.1125488     -185.2890930     -242.6048126     -183.9143372     -258.0618591      -31.9818497      -35.6027489     -190.2997589     -303.5410156     -302.5402832     -121.8463669
       79200 2012:07:15:13:00:00.005    -89.91786      -53.3930054     -191.7944641     -320.6635132     -189.5121460       59.7748566     -203.1228333     -164.7801819     -214.1976929     -185.0771637     -192.1520386     -192.0474091     -187.5819702     -211.3021240     -166.4565125     -225.0001068     -167.4903107     -224.5550385      -30.4387379      -37.2728386     -169.2740479     -272.9966736     -272.3873901     -110.5565948
       82800 2012:07:15:14:00:00.058    -92.53192      -51.3924103     -179.0149231     -301.2093201     -181.1101532       44.9560852     -173.6351624     -181.9509277     -164.4541321     -196.0194702     -200.0885010     -202.5311127     -192.0441895     -206.2925720     -149.8624115     -213.3517151     -157.5750275     -174.9491272      -29.4791355      -35.1910820     -159.4938507     -252.9600983     -252.3739929      -94.7368774
       86400 2012:07:15:15:00:00.022    -93.58055      -54.6902008     -179.0740051     -271.9497681     -177.0640717       73.3073120     -133.3460846     -204.1955414     -172.1010284     -206.6533966     -181.8887634     -183.8413544     -197.5926819     -198.6901245     -170.5079651     -182.7674408     -159.8437195     -174.5042877      -33.8072433      -35.9112129     -147.5592194     -219.9274750     -218.8623047      -80.7608719
       90000 2012:07:15:16:00:00.046   -106.47491      -57.3964386     -143.4961853     -210.7471924     -139.8648224       71.2960739     -105.0696030     -144.4073792     -148.1420593     -176.3656769     -138.3579865     -131.0475159     -170.9371490     -160.5271759     -150.3401184     -143.6763611     -136.4141693     -145.8846283      -36.0224953      -39.8955040     -107.9862747     -162.7011261     -161.7646332      -51.7954941
       93600 2012:07:15:17:00:00.062   -132.31645      -67.4035187     -159.2454224     -208.2238312     -160.8789825       19.2822266     -153.0679474     -152.8472290     -158.9370422     -172.1294556     -172.6687317     -168.4340210     -185.5184631     -170.6623840     -179.4886932     -151.3790131     -160.7347107     -158.0605164      -40.2433510      -48.3768196     -117.1276550     -158.3074036     -157.4208374      -49.9598045
       97200 2012:07:15:18:00:00.071   -126.25634      -74.1343842     -170.5023651     -206.7550812     -169.6376801       16.5033264     -177.9653168     -166.4896393     -171.2143250     -166.3401642     -175.4715729     -173.2481995     -174.4116516     -177.6613617     -179.5304565     -153.9642029     -161.4619904     -172.3207245      -43.4078026      -54.0525017     -117.3501129     -156.5743561     -155.6981049      -67.9857712
      100800 2012:07:15:19:00:00.050   -123.91628      -80.5511246     -164.8649597     -176.3611603     -164.3954163       38.3836060     -182.7894287     -144.4058228     -164.8070068     -167.4575806     -153.2581635     -154.9746552     -161.1304169     -162.8461151     -181.4435730     -159.0414429     -172.2740936     -164.4709015      -48.7970772      -56.8685112     -102.3283539     -137.4747162     -136.4739685      -71.6537018
      104400 2012:07:15:20:00:00.021   -112.19913      -71.1944427     -133.8253174     -130.3660583     -133.1572113       33.4598160     -140.1916504     -115.9663315     -129.7171326     -149.4261475     -127.8041840     -132.5559540     -138.0442505     -121.2234344     -133.9390106     -124.9883957     -132.8509979     -127.9521790      -39.8252754      -51.6942673      -80.9451065     -105.9665146     -104.8975525      -54.0713501
      108000 2012:07:15:21:00:00.045    -87.31937      -64.1613617     -112.9550629     -108.7809601     -112.8104782       27.1861801     -116.3278580     -113.6619034      -96.7140808     -125.1164017     -112.6662064     -115.7634506     -119.1188660     -100.1427155     -108.5974579     -103.7909470     -108.0630417      -97.9302216      -34.9587898      -48.0483170      -76.6772003      -96.8659134      -95.9126434      -50.7853203
      111600 2012:07:15:22:00:00.016    -77.78022      -57.1798973     -104.2870407     -101.8259048     -103.3732681       24.2830734     -109.3676224     -113.1977310      -88.9838257     -105.5989685     -106.6220474     -108.8218613     -101.7433472      -93.4950790      -82.4568710      -92.5310898      -88.9146576      -94.3388214      -32.0586815      -44.6260719      -78.5134659     -104.5624771     -103.2377243      -57.6063232
      115200 2012:07:15:23:00:00.040    -84.74282      -56.2898598     -104.4235382     -110.8366547     -102.7127762       22.3694382     -108.3397064     -111.9960251     -104.1400070      -93.2183990     -104.7702408     -109.1843414      -94.1128540      -96.0952454      -85.4659653      -94.6373291      -89.6265869     -103.9116364      -34.5324097      -43.9135208      -73.4817581     -109.2457581     -107.7470703      -55.7110901
      118800 2012:07:16:00:00:00.071    -82.09576      -54.4638748      -90.5557022      -95.7952957      -88.6019211       18.4107513      -83.0135498      -96.0584564      -90.8365479      -92.3142471      -89.2503510      -90.4736938      -91.2268677      -86.9177475      -79.6434021      -73.9989853      -77.6477051      -92.1038437      -30.5296173      -41.8316345      -60.2418327      -81.8052368      -80.5338211      -39.9662666
      122400 2012:07:16:01:00:00.080    -82.20203      -51.9253120      -97.7608032     -118.5445633     -104.3725586       59.0682373      -95.8022461     -116.7964020     -109.0848389      -69.3597565     -108.4380035     -107.9536057      -83.5922470     -102.1150360     -123.9887695     -104.9659958     -128.4279938     -107.8954163      -28.4552898      -39.1835670      -87.5046082     -120.1613464     -119.6469421      -66.8029785
      126000 2012:07:16:02:00:00.081    -90.89615      -54.3496246      -97.7106247     -120.9762955      -92.9681778       36.7182922      -90.4105377     -110.6765900     -113.3312759      -76.4240952      -86.7531357      -84.3987656      -80.4543762     -114.3188782     -102.7813644      -81.3148727      -82.7567291     -113.1423874      -32.7004776      -44.0418854      -62.7596054     -107.2173615     -105.3832169      -42.5643959
      129600 2012:07:16:03:00:00.015    -72.92398      -50.4788513      -88.2274933     -103.3083878      -82.8056641       29.0157471      -75.7579575      -98.5335312     -101.4669724      -77.1515045      -77.8855133      -71.6900177      -73.9948196      -91.0894470      -96.0701675      -84.9146042      -72.9952011     -100.7057648      -28.8195858      -39.3856163      -46.3265381      -83.8421021      -81.5056610      -23.3861084
      133200 2012:07:16:03:59:59.994    -76.91939      -59.9384041     -143.7620544     -187.1591797     -149.5811310       41.0427933     -141.4285583     -127.4712906     -139.7325745     -166.4157867     -171.4207764     -168.5140839     -176.0231018     -151.6159363     -139.5283356     -159.8024902     -152.7334747     -140.9236603      -38.9610710      -45.8518639      -94.6382828     -164.1635132     -162.1451569      -86.0162430
      136800 2012:07:16:05:00:00.003    -80.85481      -88.4824142      -80.1226349     -108.8800583      -81.0615311       62.1769524     -116.5822220      -82.4291611      -67.0738754      -54.4052696      -74.2613983      -74.0685120      -65.9887085     -108.2302933      -84.3707428      -88.5819855      -91.4024200      -67.4816055      -41.8125648      -66.3017426      -80.9645233     -123.4248352     -122.3600311      -76.5068207
      140400 2012:07:16:05:59:59.997    -72.13082      -55.7622070      -83.8320999      -99.0982285      -85.0683212       28.3981857      -87.4996262      -92.2313690      -86.5373611      -69.0600586      -77.6032486      -77.0127487      -71.2605820      -90.3397827      -89.8739395      -96.7914276      -97.4582443      -87.1478500      -27.6648331      -45.0218849      -57.1265945      -93.1032486      -92.0308914      -52.8817253
      144000 2012:07:16:07:00:00.005    -64.48701      -55.8113556     -109.0726471     -133.2542572     -109.4717178       25.6953583     -109.3715744     -109.2005157     -117.5761261     -100.1423950     -101.0959625      -97.1862335     -105.8639374     -118.6372528     -121.5720978     -120.6706619     -122.8815918     -118.0479431      -30.1051712      -44.2542343      -77.2312469     -125.8232803     -124.6571198      -74.7802734
      147600 2012:07:16:08:00:00.044    -64.54153      -51.8456612     -118.7018890     -148.6273499     -117.6534424       27.3732529     -116.4282608     -105.1601257     -122.6467514     -130.5724182     -114.1016541     -103.1991653     -136.2258453     -125.6412354     -128.7023621     -126.2383041     -126.5324402     -124.0282669      -28.5477924      -42.1908340      -93.1984177     -145.3559418     -144.4280090      -85.9700623
      151200 2012:07:16:09:00:00.008    -62.09055      -54.4169807     -120.1781769     -153.4453735     -121.6071777       37.4509201     -124.8373947     -100.3268204     -127.1467361     -128.4017792     -123.7124863     -110.5231018     -134.9267273     -127.6562119     -140.2275085     -132.9083557     -137.7777405     -127.7762146      -29.3573494      -43.8929787      -96.2824097     -148.9650726     -147.4804230      -84.7350464
      154800 2012:07:16:10:00:00.017    -55.39800      -48.4490585     -106.5893326     -144.4938202     -111.8523788       55.2166824     -123.9515762      -78.7508163     -112.3896179     -111.2653198     -120.7918701     -109.6274261     -118.8900452     -118.5459518     -139.3338470     -122.8417511     -133.9674988     -113.5516129      -26.1092911      -37.6834869      -84.1016388     -140.0539398     -138.0093536      -73.0534210
      158400 2012:07:16:11:00:00.070    -65.30833      -49.8199654     -112.9316025     -137.7887573     -119.6209183       27.8340149     -127.5260391     -105.2605133     -110.6039505     -108.3358994     -129.3102722     -129.9316711     -112.0531311     -115.0738602     -140.9901733     -119.4008942     -133.0945282     -113.5769119      -26.9386406      -38.5246086      -86.0865173     -125.2831192     -124.7032166      -69.8710480
      162000 2012:07:16:12:00:00.004    -58.83789      -51.0807571     -105.0641556     -112.7472534     -106.5555115       31.7101212     -124.4336929     -106.3171768      -96.7821808      -92.7235718     -101.7854767     -104.4352036      -86.5398102     -107.2055206     -112.5942535     -101.9673996     -114.0820999      -97.3413010      -27.0273476      -41.6806602      -82.0273209      -95.3860245      -96.0264053      -55.0891647
      165600 2012:07:16:13:00:00.058    -59.06726      -51.2807465     -104.8661270     -107.4184418     -104.4777298       18.6038132     -116.5930099      -97.9891968      -98.9996872     -105.8826065      -99.4071960     -102.4502411      -95.5645905     -105.4483871     -108.7934494      -98.0629578     -102.2697067     -101.6816635      -28.4416313      -41.0018883      -80.3302231      -93.3211746      -93.8875122      -55.1103554
      169200 2012:07:16:14:00:00.022    -60.67659      -50.2264214     -107.9465103     -115.5450211     -107.3169785       20.2617950     -120.4839249     -100.2221298      -99.6293564     -111.4506302     -100.0858612     -101.2410202     -107.4617996     -110.5865936     -115.3715515     -104.1608887     -108.0012131     -102.5029602      -26.9736309      -40.6495094      -82.7079849     -103.9894485     -103.4872665      -54.4702034
      172800 2012:07:16:15:00:00.075    -58.74664      -50.4423294     -114.7784882     -131.5537872     -114.5265121       29.6022568     -132.5964966     -110.7056503      -97.6331253     -118.1786652     -111.2581482     -110.6299133     -115.7043228     -118.0210800     -117.6054916     -109.5526047     -112.0540848     -102.9942398      -26.2163982      -41.0432968      -88.2855072     -121.0496750     -122.2968597      -60.2192230
      176400 2012:07:16:15:59:59.995    -60.19146      -50.5857544     -121.9961014     -140.7658844     -121.1307068       35.3206024     -142.1595154     -123.5457916     -100.0074081     -122.2716599     -120.1297836     -120.1589584     -119.0383301     -124.1630096     -116.1431503     -110.5886993     -111.8093948     -106.8389130      -25.9907551      -41.5700150      -91.1428833     -130.4745483     -128.3093872      -66.7961731
      180000 2012:07:16:17:00:00.033    -58.51013      -50.9003563     -115.7033920     -128.9557800     -113.5024338       35.9952164     -129.8587494     -115.8953934      -96.4723740     -120.5870361     -114.0772095     -116.0591278     -115.1285324     -112.5327454      -93.8963547      -93.9024582      -93.8635330     -104.7507401      -25.5656605      -42.1132545      -81.8654861     -119.2507706     -118.6304703      -59.1613503
      183600 2012:07:16:18:00:00.071    -56.36119      -49.4809608     -104.3169174     -112.8132324     -102.3609848       23.8108368     -110.9549179     -101.3786163      -94.1319809     -110.8021622     -104.0465088     -106.3616943     -104.2729034     -101.0724945      -83.9898605      -85.3331985      -87.1440811      -97.5244064      -25.1948471      -40.7751732      -67.2954636     -103.3846283     -102.4043503      -49.9422913
      187200 2012:07:16:19:00:00.080    -55.18489      -48.9277916      -99.0395966     -104.8266449      -95.9650497       24.0259018      -95.1861496      -97.4934998      -98.6456985     -104.8330536      -96.1957932      -98.7755966      -97.5710754      -98.4131012      -83.7460938      -79.8566284      -80.8071518      -98.6947632      -25.6134167      -38.8430595      -61.2113075      -95.0308075      -93.8659286      -48.1030388
      190800 2012:07:16:20:00:00.044    -51.36138      -53.0179405      -88.8513718      -91.0281754      -86.3846970       28.2061844      -72.3138733      -97.3809052      -88.8726120      -96.8380966      -92.1906509      -95.9757996      -90.7406158      -80.2552719      -80.4510880      -77.6413956      -69.1747208      -86.6248093      -25.6260242      -38.4157372      -48.0379791      -77.2378845      -75.8996887      -31.2511826
