        3600 2017:09:06:13:03:00.006     -0.00000       -3.4268851        3.1015699        3.9034410        3.2797935        1.5409858        2.6414111        2.6286738        3.1854532        3.9507420        4.2452064        4.1696596        4.4350128        3.6194589        2.7925220        3.6044466        3.0982084        3.1900673       -2.5083103    -1002.8571167        3.9034410        9.9694748       10.6792965       -8.5684261
        7200 2017:09:06:14:03:00.145     -0.00000       -5.2730589       -1.2599800       -1.0249180       -1.1197113        2.6238675       -1.1608045       -1.7412816       -1.7416838       -0.3961495        0.4428769        0.5569738        0.1060941       -0.3469178       -2.5068519       -1.0831151       -1.9101120       -2.0668938       -3.9731171    -1295.1364746       -1.0249180        6.1147680        7.1689734      -12.5376549
       10800 2017:09:06:15:03:00.193    -14.73400       -6.7396498       -7.2351818       -7.1091256       -7.1599708        3.6462650       -8.4359922       -5.8955469       -8.0463905       -6.5627966       -5.2640824       -5.1775904       -6.0244136       -6.6729999       -9.5330677       -7.3698010       -8.8238554       -8.0640421       -5.0072403       -5.7613468        1.3938949       -4.5519652       -3.2039058       -1.1558826
       14400 2017:09:06:16:03:00.034    -18.29121       -8.7453556      -14.6086330      -14.2218752      -14.6124926        6.9775839      -17.8684292      -12.5359983      -15.5025997      -12.5275040      -11.5312223      -11.2493982      -12.3960009      -14.1334248      -17.6334972      -16.0101643      -18.2269821      -15.2666502       -6.3193893       -7.0669265        1.4430166       -6.8192506       -5.2145367       -1.3386528
       18000 2017:09:06:17:03:00.151    -23.24043       -9.9721136      -19.3228931      -19.3938465      -19.6843929       10.4479094      -25.2820492      -15.9102163      -19.9442482      -16.1550598      -15.6197157      -15.3425760      -15.8804340      -20.2666988      -24.1993885      -23.1661091      -25.7904854      -19.6259670       -7.0457492       -8.3317251       -0.3201480       -9.2657385       -7.8694839       -2.6729023
       21600 2017:09:06:18:03:00.026    -21.29823      -10.1685152      -18.7109241      -19.4097595      -19.0919361        9.9082775      -25.1819324      -15.6252432      -17.9542408      -16.0822811      -15.8357000      -15.2736549      -15.6544209      -21.0973263      -23.0453892      -22.0590744      -24.4960575      -17.8924465       -6.5538702       -9.1001282       -1.0431409       -9.0908623       -7.8345451       -1.9444003
       25200 2017:09:06:19:03:00.099    -18.92807      -10.4024010      -17.2522678      -17.5603790      -17.4027290        9.9789324      -23.5517712      -14.5134363      -16.2358360      -14.7080288      -13.7527914      -13.5728388      -14.2598476      -19.7305279      -21.0179615      -20.4744186      -21.8162556      -16.2540417       -5.8276153       -9.4271173        0.8782512       -6.8545723       -5.5866966        0.6372652
       28800 2017:09:06:20:03:00.151    -19.16631      -10.9504681      -14.5272369      -13.8798485      -14.5169172        9.5274401      -20.2539558      -11.7524223      -12.9317970      -13.1707706      -11.0262737      -10.7265158      -12.1097012      -16.1097679      -15.4260740      -17.2124023      -18.5103645      -12.6874723       -5.6736422      -10.3858376        1.1089048       -5.0911212       -3.9202321        0.6018611
       32400 2017:09:06:21:03:00.059    -18.06203      -10.7641459      -13.7478743      -13.0902672      -13.8407583        8.6450787      -19.4319363      -10.7868576      -11.5793753      -13.1933279      -11.1785612      -10.8685493      -12.0874987      -15.8770123      -13.6927748      -15.4526434      -17.3929501      -11.3709240       -5.1532717      -10.4426041        0.8837940       -4.5912728       -3.4332728        0.1698985
       36000 2017:09:06:22:03:00.157    -17.44362      -10.5992327      -13.3306236      -13.5189762      -13.5078497        8.1899223      -18.5739956      -10.8096581      -10.6706190      -13.2682247      -12.0923538      -11.7252455      -12.7636299      -17.0820103      -14.3801699      -14.0154457      -16.2859001      -10.3840733       -4.9059873      -10.2049484        0.0769564       -5.0179157       -3.8671741        0.0910962
       39600 2017:09:06:23:03:00.084    -16.48824      -10.2165251      -12.2920618      -13.5383568      -12.5753059        6.6000881      -16.4798660      -10.7238321       -9.4090986      -12.5554504      -11.7289476      -11.5302105      -11.7164745      -17.4427166      -14.7870989      -12.9015236      -14.2827005       -9.8797779       -4.5621324       -9.9506750       -0.6830691       -5.1008067       -4.0582523        0.2943561
       43200 2017:09:07:00:03:00.149    -19.57167      -11.3256836      -11.7837944      -13.9365826      -12.0735207        4.4225235      -14.6909418      -10.2684183       -9.7195768      -12.4562416      -10.8893242      -10.4068909      -11.1713438      -17.4700432      -13.9163589      -11.7581272      -14.0184565      -10.6001749       -5.7933822      -11.1300583       -1.8397746       -6.7718449       -5.5794759        0.6667930
       46800 2017:09:07:01:03:00.105    -41.65338      -26.0820236       -1.9656323       -4.0891833       -2.1199448       13.0977421       -8.2791319        4.8186097        3.2940116       -7.6960187       -1.3125471       -0.2893177       -5.2244949      -11.6315441       -1.5051302       -0.4154993       -3.5638287        2.2900183      -12.9746819      -23.8201427        1.2962047       -7.3156095       -5.2208133       -0.9153271
       50400 2017:09:07:02:03:00.010    -44.67540      -25.5335503       -3.0952985       -4.9380670       -2.3863895       13.0467205       -6.1379361        2.7088211        1.3858202      -10.3378992       -2.4735072       -1.2624195       -7.6126122       -9.7243557        0.9637458        2.0964129        0.1439412        0.5671559      -12.4081402      -22.4725132        1.0170572       -8.5121145       -6.6096010       -0.5752452
       54000 2017:09:07:03:03:00.134    -52.46583      -26.4103527       -0.4236441       -2.6557243        0.5052722       13.6375904       -1.3376528        4.4592896        2.5534642       -7.3696775       -2.1860271       -0.6274514       -6.9285312       -4.7391572        5.2378864        5.1652384        6.2679124        1.6392125      -13.8759689      -22.2891006       -1.1951541      -12.7207556      -10.9068661       -1.6630520
       57600 2017:09:07:04:03:00.072    -81.52594      -42.4812698      -30.6553116      -33.2370148      -30.1627045        7.2522812      -29.0671730      -28.1949997      -31.2158489      -34.1432228      -32.3681183      -31.4033566      -34.1060448      -31.5759125      -27.0796566      -28.5932446      -26.8909416      -31.2765331      -26.8052177      -29.8090630      -15.9487972      -29.9866314      -28.4522057      -15.2956772
       61200 2017:09:07:05:03:00.099    -96.62198      -47.5813675      -36.5470428      -38.7590446      -36.3176765       12.9176521      -31.6034241      -39.1236763      -34.0093422      -41.4517441      -41.7961769      -41.7641182      -41.3658028      -36.2837753      -30.3018131      -32.1621819      -28.8464661      -35.1166344      -21.8712502      -41.5604019      -20.8612423      -38.5274506      -36.4490967      -13.3194246
       64800 2017:09:07:06:03:00.037    -89.95760      -45.5879669      -43.5720329      -45.2817612      -42.9641991        9.5685654      -37.9056129      -45.0156555      -45.0189209      -46.3479462      -46.7308922      -46.3327484      -46.7057648      -40.2603455      -39.6189995      -40.4235268      -36.7793808      -45.4038506      -22.6318722      -38.1082497      -23.7907619      -40.9273720      -39.5400925      -17.8602848
       68400 2017:09:07:07:03:00.061    -90.44986      -55.1106262      -44.7175598      -44.1212349      -44.5975456       15.0966187      -42.8862228      -43.2950325      -54.2102890      -38.4786911      -39.1769371      -39.2539177      -39.6868248      -40.3668213      -49.6594467      -49.5962906      -50.0960960      -53.5753098      -32.4187012      -33.7537003      -22.6935368      -39.9614296      -38.3210373      -20.7009277
       72000 2017:09:07:08:03:00.032    -87.64951      -41.1380653      -53.7370758      -52.0750923      -53.7158203       17.2433968      -51.0561905      -54.6752777      -63.8550529      -45.3617821      -49.0557327      -49.4775391      -47.2549324      -49.0669594      -58.5207787      -59.1081924      -59.1189156      -62.6051788      -23.2265797      -28.2962933      -21.4600582      -38.6042137      -37.0716286      -14.5684710
       75600 2017:09:07:09:03:00.011    -95.36244      -39.8562469      -67.6426468      -66.3935623      -68.4760361       21.2044563      -71.4081345      -65.8733292      -73.2834015      -60.0057182      -59.8531151      -60.2263794      -60.7143669      -67.4269791      -75.2172775      -76.0516663      -81.2101746      -72.1325150      -24.2223854      -27.4431801      -24.8230152      -41.0144043      -39.7767601      -16.9673748
       79200 2017:09:07:10:03:00.072    -99.38957      -43.4357147      -60.7603760      -62.6322136      -60.9584999       21.0892143      -66.3214264      -57.4788246      -64.3753052      -54.8659477      -51.9832993      -50.9369011      -55.1376991      -60.9530602      -67.0208130      -68.7315445      -72.0261154      -64.1217957      -25.2546272      -30.9097786      -27.1008320      -42.4170303      -41.5242386      -16.7734413
       82800 2017:09:07:11:03:00.036   -108.11474      -40.5158386      -79.5637054      -97.0255432      -80.4021378       20.9910431      -86.8187332      -75.6165543      -80.1002197      -75.7193298      -74.8340836      -71.5628586      -75.7739105      -84.4072952      -86.8680954      -90.4850464      -92.5539017      -80.1414490      -21.8493385      -29.9208164      -35.0145607      -61.5984726      -60.8532867      -17.0933151
       86400 2017:09:07:12:03:00.067   -141.95636      -44.4937782      -95.3317719     -133.0230103      -97.6364975       13.7166061      -96.7685165      -92.7579803      -96.9780502      -94.8225403      -96.2279358      -94.0038223      -97.2191925     -100.6357040     -105.2453156     -108.2535782     -106.4745865     -100.9914856      -22.5555878      -35.6180496      -50.4890518      -91.8326492      -91.8332367      -25.0803890
       90000 2017:09:07:13:03:00.031   -149.03726      -52.4511032     -110.9994659     -155.2125092     -112.3608627        7.6222458     -108.9837799     -110.6346970     -114.4470520     -109.9323502     -113.7249527     -111.6219864     -113.9900436     -113.6610336     -118.7367325     -120.8714905     -116.6060257     -116.3863220      -22.4276161      -43.1335831      -55.5130463     -106.1718292     -104.9252243      -26.0564613
       93600 2017:09:07:14:03:00.062   -158.85291      -56.1024780     -120.4273453     -173.7300873     -121.1962280        9.2287445     -119.8485947     -117.0272903     -124.4720001     -120.3614807     -126.0255737     -124.5347672     -126.5387955     -128.7425842     -128.4589081     -128.7901611     -119.1492004     -126.2560349      -22.8444710      -44.7289467      -62.9686203     -123.8157349     -122.7993393      -33.3011284
       97200 2017:09:07:15:03:00.026   -162.27393      -51.0753975     -120.2014771     -183.2524719     -122.8556213       16.8543625     -122.0764008     -122.8333130     -118.4973526     -117.3988266     -132.9112244     -134.2531891     -124.8818741     -133.6712799     -127.1870651     -136.6745300     -120.6161423     -119.9558945      -21.2776699      -41.6518860      -68.5182648     -133.0491486     -132.5711365      -36.1500282
      100800 2017:09:07:16:03:00.020   -149.79996      -51.4222717     -137.5327148     -207.8162994     -139.2750854       23.9344940     -138.0171204     -151.5564270     -125.5797958     -134.9774780     -150.9098053     -152.8325043     -140.1601715     -154.5328674     -139.1231537     -148.9646759     -129.3689575     -128.8980103      -21.9280701      -41.5433121      -80.5016708     -151.1599579     -150.4587860      -43.9929390
      104400 2017:09:07:17:03:00.006   -149.88257      -49.4742012     -142.6226654     -216.8387604     -143.1163483       30.2598724     -140.8830872     -160.1660614     -133.3503723     -136.0911560     -152.2016602     -153.5516052     -146.4285278     -159.5350800     -138.7455444     -143.8943024     -129.9061890     -138.1000519      -20.6728783      -39.5574722      -89.6349487     -160.1282043     -159.6268158      -51.8335342
      108000 2017:09:07:18:03:00.067   -145.53992      -50.1660767     -147.5650635     -220.3777008     -146.5402069       37.0344391     -148.6624451     -166.9815369     -140.2843018     -134.3319550     -153.4017029     -153.3500366     -146.9683380     -168.0773468     -138.3795013     -138.2600708     -129.9470978     -145.9682312      -23.7670441      -40.1742249      -91.4490585     -162.8128510     -161.0621643      -51.3789291
      111600 2017:09:07:19:03:00.046   -134.38138      -44.8256493     -104.8601532     -127.7700653     -105.4914780       27.1503983     -101.1635895     -117.9590149     -109.5093842      -90.8086166     -108.4035416     -107.7281723     -101.3342285     -107.2530365     -109.8959351     -104.0141373     -105.5720367     -109.7174149      -21.0646534      -34.7044868      -58.5026245      -79.1989746      -77.4210815      -25.0605965
      115200 2017:09:07:20:03:00.077   -133.44753      -50.4631958      -98.3555069     -118.6856537      -97.3840866       21.9952621     -103.1353226     -107.3545074      -97.5729446      -85.3592453      -98.9888763      -98.5919571      -91.2383575     -100.7657242      -99.1463470      -91.2383728      -90.6545639      -99.2089157      -25.0297489      -40.2628098      -57.9819870      -79.0670090      -77.3127518      -24.9174232
      118800 2017:09:07:21:03:00.064   -122.84193      -43.7798271      -91.0114441     -101.8752213      -88.7325516       17.6099167      -93.6358185      -97.1038208      -86.8397369      -86.4664078      -89.0529480      -86.5293808      -87.8548431      -84.4559250      -82.7767487      -81.2043686      -79.4939041      -89.1660004      -23.1474209      -34.7766037      -55.2274704      -72.3235779      -70.8254318      -29.2341156
      122400 2017:09:07:22:03:00.072    -96.72639      -39.3810921      -89.3446884      -99.7377243      -86.7815628       20.3216171      -91.1391373      -94.5197144      -82.7292404      -88.9906693      -88.3329544      -87.3446732      -88.7063599      -82.9115143      -71.9877625      -73.4907684      -74.1980972      -84.4971237      -24.6783447      -29.2579708      -47.6407585      -70.3861847      -69.3224564      -30.5000954
      126000 2017:09:07:23:03:00.007    -82.84760      -37.8848648      -85.6417084     -102.6301117      -84.0708389       21.3353500      -90.7941666      -87.4633865      -79.9081421      -84.4011154      -89.1619263      -87.1301117      -87.6488495      -79.4862747      -65.8425827      -69.8290329      -69.4588165      -85.1774292      -24.3425846      -28.5157013      -44.7782402      -72.3361435      -71.0978775      -25.8837643
      129600 2017:09:08:00:03:00.060    -78.41148      -48.0773506      -60.9378624      -72.6213913      -59.7366829       29.1433907      -57.0426826      -63.5725212      -65.1175613      -58.0186920      -68.5359192      -69.9760666      -62.9685898      -50.2515144      -45.3668823      -47.9102821      -40.8326759      -68.9774704      -28.7112789      -32.4368401      -43.2783203      -70.3011169      -69.2636566      -22.3005619
      133200 2017:09:08:01:03:00.054    -95.17832      -60.8883209      -73.3421783      -88.2895889      -72.0253677       31.8840218      -63.3779602      -79.6082993      -91.1056137      -59.2768288      -74.9151154      -75.4257736      -64.2061996      -62.0527306      -57.8702660      -65.9648972      -63.3024788      -91.1608505      -39.3208885      -41.8521233      -54.7536583      -84.3094025      -82.8224716      -29.3828545
      136800 2017:09:08:02:03:00.062    -95.67997      -53.6258507     -100.2892456     -121.1340637      -99.5665283       31.9495926      -81.1172409     -113.0668335     -110.5574265      -96.4154663     -105.1270599     -105.6194611      -94.3743973     -100.1950531      -93.5618896      -96.0902176      -90.4477005     -110.7324524      -29.7494774      -38.9626999      -60.4552269      -94.6582718      -94.6354141      -33.1891632
      140400 2017:09:08:03:03:00.012   -177.69724      -65.2516479     -133.1489868     -160.6510620     -131.3749542       28.1161652     -121.6792984     -147.3310242     -132.5882416     -130.9973602     -134.3770752     -131.9918365     -125.1440887     -145.9707947     -124.6529388     -130.3292084     -119.2148590     -137.0353699      -33.0180893      -50.4453506      -78.1142273     -125.3518982     -124.3312836      -47.2693939
      144000 2017:09:08:04:03:00.005   -223.49081     -112.2732773     -102.4241867     -123.6415100     -100.0970383       22.8938980      -95.8107910     -108.0502625     -110.0299759      -95.8057251      -88.2312546      -88.6480637      -87.8107147     -112.2466278      -97.9488754     -108.2417450     -100.7254105     -111.5419617      -67.8579636      -64.8022766      -64.9731216     -111.0721436     -111.7610092      -49.6450348
      147600 2017:09:08:05:03:00.059   -224.83150      -89.6421127     -152.4321289     -178.2804871     -148.8452911       28.9048462     -150.4060364     -152.9312134     -161.5607605     -144.8305054     -134.8298035     -134.7697601     -141.2514801     -160.6647949     -142.4866791     -153.8637695     -146.4595947     -163.6746063      -41.9049225      -61.6693420      -83.0080109     -141.3674622     -138.8771057      -61.5379829
      151200 2017:09:08:06:03:00.053   -190.17744      -84.2972794     -156.3198853     -175.7216187     -151.3550568       34.6219025     -139.3443604     -155.6255646     -164.8947449     -165.4148560     -150.7023773     -150.6453552     -156.1307678     -140.2732391     -137.2294464     -144.6842957     -131.2391357     -165.8610382      -37.1443634      -60.2964172      -86.0900116     -127.6335373     -123.3928070      -49.3894768
      154800 2017:09:08:07:03:00.061   -145.71457      -65.8593597     -140.0154114     -151.0441895     -135.0379639       32.8334885     -134.1851654     -132.8680115     -157.3092651     -135.6992493     -126.5129013     -124.1596756     -133.0330963     -127.9325256     -132.1374054     -139.4735107     -126.3224869     -156.9931641      -35.4063072      -47.6410217      -81.6010513     -117.9927521     -114.6967010      -50.9538116
      158400 2017:09:08:08:02:59.996   -134.49431      -70.9752197     -118.7606964     -117.3350906     -115.7714615       24.0335312     -104.3406906     -128.3742218     -127.7229919     -114.6048813     -112.0115814     -113.0702057     -114.1793365     -102.2831650     -111.8001251     -115.5476151     -106.8656464     -127.3731003      -32.5903740      -51.3272552      -60.7335701      -80.1062546      -78.3863678      -29.5855350
      162000 2017:09:08:09:03:00.004   -182.06839      -88.7435608     -122.5236740     -141.1905365     -121.6044693       18.4287033     -114.2703934     -113.8766251     -132.3190002     -129.6286926     -121.0315247     -118.7732010     -129.1105804     -113.8937378     -125.4027176     -133.3319855     -120.7725906     -132.3053284      -40.9497833      -67.8065109      -75.0307617     -104.6759109     -105.0919037      -31.4978199
      165600 2017:09:08:10:03:00.073   -216.16492     -153.4388885      -93.8867188     -128.9761505      -97.9140854       28.4156952      -92.7123337      -87.2094955      -92.2235184     -103.4015121      -99.4554596      -95.8380203     -106.5460510      -94.9348602     -117.0523224     -116.9201736     -115.6251907      -92.6979446      -74.4005127     -102.4511871      -83.1495667     -124.1996765     -124.0875931      -42.7053185
      169200 2017:09:08:11:02:59.992   -223.25360     -126.7753525     -161.9505615     -227.6705475     -166.1965179       19.2339172     -156.8965302     -168.5415192     -155.9129028     -166.4512939     -174.8085022     -172.0513611     -175.4876709     -154.4430237     -185.0200806     -181.7349548     -176.1304474     -157.1079865      -59.5656357      -84.8366928     -123.9054794     -186.0135193     -184.9969482      -62.9955215
      172800 2017:09:08:12:03:00.030   -171.02197      -68.9722519     -166.1246948     -229.5794067     -169.2302704       30.4460449     -173.9280548     -180.4932556     -160.0302734     -150.0472107     -169.7559204     -166.4097900     -162.2053375     -170.0693054     -181.9324951     -181.9746094     -179.2359161     -165.2674408      -42.2000618      -41.1516113     -133.7528381     -170.9841309     -170.0299225      -59.7751045
      176400 2017:09:08:13:03:00.039   -146.07744      -71.9082184     -156.1983032     -208.2196503     -159.8886261       50.1421051     -162.8446198     -165.2056885     -165.7964783     -130.9464569     -151.4316406     -152.0328217     -137.4193115     -166.9925537     -185.1673431     -176.7719116     -181.0885620     -167.2136078      -44.3058739      -47.7765732     -136.8478546     -157.7821198     -158.3930359      -53.2410545
      180000 2017:09:08:14:03:00.078   -134.50066      -68.9131622     -153.0094604     -227.0868073     -160.8296661       52.5511932     -162.2800446     -154.2045593     -159.4157410     -136.1374664     -161.2037354     -163.7572174     -148.4511566     -177.2144012     -190.6710205     -184.4004211     -188.6886597     -159.9100494      -40.2770691      -40.3745499     -119.4577103     -166.6674957     -168.6335449      -28.8166084
      183600 2017:09:08:15:03:00.012   -183.07150     -102.6602325     -209.4453125     -332.4473877     -219.4181519       64.4430237     -220.4079437     -231.3905640     -177.1203003     -208.8624573     -249.9707031     -251.4604645     -232.3665161     -250.6429291     -231.1130676     -232.1779175     -217.3700256     -187.0174408      -60.8023376      -61.8395042     -174.2550812     -272.6305237     -268.7786865      -81.5241241
      187200 2017:09:08:16:03:00.021   -181.00020      -69.4190445     -225.4846344     -318.7509766     -222.8484344       66.8605652     -224.6231689     -259.3796387     -218.8686371     -199.0670776     -234.8772736     -236.3803711     -219.2012482     -256.3171997     -222.0792542     -203.8662567     -192.5190735     -225.1211853      -44.7356415      -48.6457710     -175.8323975     -257.9363708     -256.6337280      -99.0030136
      190800 2017:09:08:17:03:00.059   -160.08479      -73.2344513     -194.6580811     -242.2406158     -188.7765045       44.6345367     -212.8400726     -197.7092896     -199.8773804     -168.2055359     -183.9562683     -180.8658142     -177.3343811     -213.2504730     -188.3028870     -179.4637146     -174.6671295     -198.3711853      -46.1791382      -51.0643616     -134.4194794     -194.2878265     -192.1105347      -82.5788116
      194400 2017:09:08:18:03:00.053   -129.51450      -84.7708054     -148.4037933     -176.1992950     -143.1566925       28.8810883     -157.8324890     -148.5055542     -149.0455780     -138.2315521     -137.3459167     -136.0799561     -137.2564240     -153.3734894     -131.9783936     -136.8316498     -128.9514008     -149.3392639      -45.2267303      -49.5441132      -94.7076645     -136.2331543     -135.6078796      -51.0490646
      198000 2017:09:08:19:03:00.076   -156.83632      -90.6744385     -174.8919525     -219.6905823     -172.7844696       28.0829926     -159.1396484     -187.2226410     -179.0370483     -174.1684418     -176.2704773     -173.7925720     -180.9565887     -171.3188934     -165.8399048     -167.8367462     -161.4388580     -180.9446564      -50.7668648      -55.9556808     -122.7585983     -190.9599915     -188.0990601      -55.5754623
      201600 2017:09:08:20:02:59.996   -140.72467      -73.6948395     -201.1537781     -271.0479126     -197.0062714       31.8710938     -178.5799866     -206.5946045     -209.5759583     -209.8645325     -204.4644012     -199.0202332     -215.5205536     -208.0608673     -201.1825409     -195.9479523     -178.0535736     -209.9246674      -41.4516029      -49.5848465     -138.0884552     -224.9224091     -223.9766998      -97.0942917
      205200 2017:09:08:21:03:00.034   -125.45747      -65.4165649     -176.6887360     -220.7805786     -175.3823090       28.0249939     -160.5815125     -176.0661316     -181.5008240     -188.6065063     -185.8320160     -180.0629883     -189.3390350     -175.0538483     -172.7107849     -176.8593903     -162.3334045     -184.6432648      -35.5232887      -48.3603745     -121.9971390     -185.4969940     -184.2521210      -80.0534897
      208800 2017:09:08:22:02:59.998   -115.48224      -64.4776917     -170.1614227     -208.7767487     -168.2621918       41.2855072     -152.7249146     -166.6439667     -171.5098114     -189.7669678     -181.6480255     -179.3480682     -187.8058472     -167.1379242     -153.9091644     -162.2125244     -148.4814606     -172.6076965      -36.4811516      -46.6353035     -111.4123535     -175.3859863     -174.0834351      -77.3054733
      212400 2017:09:08:23:03:00.022   -139.75194     -111.8636932     -121.3761597     -155.8587494     -121.2923660       27.5263748     -113.4196548     -109.8206253     -124.9173355     -137.3470001     -129.3276062     -126.8445587     -136.0011597     -119.8421783     -117.0337143     -130.1156006     -118.2661209     -122.0562057      -52.1757278      -68.3302917     -113.8038177     -151.8397522     -151.7664032      -61.1147308
      216000 2017:09:09:00:03:00.001   -127.29890      -94.7268753     -179.4797363     -246.2075348     -180.5712128       70.6619568     -141.8145752     -174.0604401     -189.5673981     -212.4765320     -205.2000732     -206.5741577     -214.4221802     -167.0518951     -179.4609680     -186.8108826     -160.2494049     -188.2521973      -41.1332359      -60.3451958     -141.6700287     -219.4667664     -219.4470978      -88.5149689
      219600 2017:09:09:01:03:00.025   -129.54948     -109.5545807     -195.8657379     -263.5351562     -203.0099945       50.2442169     -215.8399506     -174.9949341     -190.5374756     -202.0905762     -229.4754639     -225.2391510     -217.8377533     -213.9814758     -219.4788361     -213.0714417     -206.7082062     -193.1871185      -56.2216759      -64.3693619     -184.4076691     -248.5901794     -247.7182922     -136.9057922
      223200 2017:09:09:02:03:00.078   -260.28503     -261.8631287      -83.1155090      -95.0329285      -82.1898193       53.6036873     -108.0400391      -86.7008209      -46.6724243      -91.0487366      -82.2140503      -84.2070236      -87.8521347      -85.6944809      -63.0983124      -68.4950562      -68.7059479      -54.4363518     -132.1172028     -124.6808014      -65.5553894      -80.5693588      -76.1867142      -42.5855026
      226800 2017:09:09:03:03:00.042   -523.47559     -415.0261536      -89.2430115     -135.7216339      -88.3333817       28.3551102      -98.7922134      -95.0198593      -88.3047714      -74.8551788      -91.7283478      -93.9633484      -83.0271225      -96.5667191      -60.9766617      -78.5981445      -70.4371033      -96.9326401     -216.7401428     -179.2532959      -72.9092789     -120.0789795     -116.4970551      -44.7536850
      230400 2017:09:09:04:03:00.066   -383.10361     -539.2163696      -75.9632568     -121.3463898      -77.3236465       38.3397560      -67.2993774      -95.4692154      -83.9549713      -57.1294594      -84.2266693      -84.7961655      -68.4497375     -103.7060089      -60.8018265      -80.8664932      -71.3432693      -87.9044342     -269.8808594     -160.1525726      -57.0415764      -97.6664581      -96.7551575      -47.0494270
      234000 2017:09:09:05:03:00.015   -230.18759     -570.2884521      -33.8168564      -71.8768005      -31.1711903       41.7357864      -44.8068123      -49.8954086      -32.4055824       -8.1596241      -24.9991665      -27.0465069      -10.9481344      -54.9254303      -25.9738483      -23.1686287      -21.7749557      -35.3438301     -280.1239929     -135.3891602      -51.7076721     -102.0107956      -99.9535370      -43.0176773
      237600 2017:09:09:06:03:00.083   -190.02425     -444.6944580      -46.9512024     -104.0004120      -37.9430084       51.7082558      -51.1496887      -54.2396431      -66.6999588      -15.7155104      -21.5525913      -22.0660744      -18.8291435      -49.6009789      -40.6365700      -29.6969147      -17.0633774      -67.4237671     -232.6231537      -95.2875366     -100.2989655     -139.4857483     -141.5807800      -65.8750763
